fjhk0_sx302  [
  -4.041083 0.03989695 -2.57318 -0.4109023 1.497457 1.110857 -0.2099109 -0.9857193 -1.627547 0.0864024 -0.4251524 1.194564 0.6071067 0.7671428 -0.7814715 -0.5173548 -1.519352 -0.4064906 0.6442292 -0.25114 0.3423395 -0.2017387 -0.4282806 0.4426405 -1.332472 -1.14397 -1.196178 -1.214233 0.2909192 1.339904 0.002655121 1.203392 0.3050518 -0.485109 0.2261718 -0.4495626 -1.060911 -0.4487237 -1.234221 -0.1389509 
  -4.787499 -0.3538609 -2.536933 -0.149191 0.904111 0.8020654 -0.2734796 -0.9930536 -1.836891 0.1534558 0.0150355 0.01472939 1.601153 0.4856123 -0.5416013 -0.6355371 -1.535346 0.3931118 -0.009112261 -0.1477727 0.1303458 -0.8240311 -0.9215966 0.9293928 0.09158809 -0.8457532 0.07930765 -1.900083 0.2432456 0.4857127 -0.2260257 -0.1710523 -0.8404375 0.2379129 -0.1498571 -0.3014987 0.9767761 -0.6997072 -1.500798 -0.6868204 
  -5.060387 -0.660464 -2.427456 -0.4848527 0.6545887 0.6438326 -0.5868201 -1.025024 -0.5891004 -0.0397144 0.3212173 -1.324278 1.333476 0.271247 -0.0987055 -1.206748 -1.389333 1.382634 -1.100694 -0.101022 0.004051653 -0.8770437 -1.032968 0.6941728 0.4134307 -0.6163139 0.257595 -1.225426 -0.3679743 0.1448566 -1.084599 -1.930688 -0.5999178 -0.8675089 0.02346166 0.9130279 1.737431 -0.3764055 -0.7967217 -0.1495984 
  -4.682964 -1.114937 -2.032537 -1.240649 0.4151454 0.6197146 -0.8177244 -0.8719475 -1.564432 -0.3281339 0.2627788 1.424137 -0.1091206 0.6194953 0.1081293 -1.934977 -0.4306911 1.238838 -1.012149 0.04451688 0.09530488 -1.035758 -2.113194 0.1376019 0.7585248 1.074952 -0.123307 0.2217377 0.08964113 1.292989 -1.117506 -1.751294 -0.03275239 -0.646071 0.0677981 1.351186 1.626038 -0.8104445 0.1849318 1.2618 
  -4.052888 -1.377264 -2.02087 -2.255113 1.587439 0.8914817 -0.9578002 -0.5104032 0.3179819 0.09981802 0.01100293 3.473423 -1.738962 1.081224 -0.091068 -0.1170446 1.151799 0.2161835 -0.06487396 -0.3268844 0.143312 -1.14716 -0.976505 2.141618 -0.2025231 2.675996 0.3177081 1.566298 -1.046138 0.2904268 -0.5508056 -2.074513 1.5783 1.280579 1.061044 -0.5986149 2.773731 -1.043578 -0.8893426 -0.5436383 
  -3.987793 -1.967873 -1.930863 -2.558111 2.478527 1.009712 -0.5978124 -0.5068771 -0.03016083 -0.1056021 -0.741515 3.09523 -1.539541 1.400802 -0.2675331 0.802529 1.997553 -0.3084952 -0.05005116 -0.1842181 -0.1575152 -0.873884 1.614921 -0.277472 -0.8297187 0.501619 0.895902 1.704683 -1.491274 0.8280206 -0.18868 -0.6181347 1.209044 -1.523714 0.9756309 -1.82723 1.999083 -1.101313 -0.887251 -1.214996 
  -4.811451 -2.014558 -1.849916 -1.197667 2.83907 1.106477 -0.5428975 -0.6114414 -0.5759934 -0.4250482 -0.5437716 1.144907 0.1775825 2.014666 -0.2022925 -0.7881938 0.5951126 -0.7130978 -0.6730898 0.01141734 -0.2440351 0.5694631 1.655047 -2.604323 0.1426531 -2.564617 1.006295 -0.1659783 -1.784525 1.343923 0.8823259 1.440576 -0.4982676 -0.6977701 1.199251 0.00240016 -1.115103 -0.5241763 4.420331 -0.2970288 
  -5.036649 -2.142739 -1.516457 0.3498787 2.394491 1.165655 -0.08233071 -0.3372588 -1.110968 -0.3101583 -1.082032 0.1712573 0.4355866 0.6587752 -0.310487 -0.08376729 0.1893762 -1.701285 2.348236 0.008682802 -0.1025908 1.080154 -1.291057 1.101937 0.4045896 -1.514311 0.3558206 -0.6690807 -1.256391 1.771543 -0.1001697 3.196153 -1.580436 2.487113 1.363099 0.8658978 -2.797237 -0.8380165 1.825798 -0.09487042 
  -5.448838 -2.405062 -1.755275 0.4649574 -0.9072435 1.043942 0.1731419 -0.6531848 -0.882552 0.06029455 -0.3628107 0.2052357 0.2899023 -0.542294 -0.4139903 -0.1178184 0.109545 -1.455843 0.8047371 0.1028609 -0.2994165 2.408903 -1.001975 1.530813 0.4917596 1.359545 -0.7564641 -0.7781576 -0.9343357 1.002908 -0.7770131 1.89523 -0.7782302 -0.523363 0.6554906 -0.57873 -1.390377 -0.827031 -2.439685 -0.53338 
  -5.430042 -2.185915 -1.395328 0.1973527 0.4488798 0.8742006 -0.01129456 -0.722199 2.938196 -0.2626994 0.619567 1.760439 2.230534 1.246527 -0.7658591 0.1274218 -0.3105291 0.3008139 -1.680944 0.3478641 -0.4172542 -0.05913758 0.6059383 1.866709 0.6123924 1.74806 -0.80678 -0.9261998 -1.132151 0.06209882 -0.1921486 -0.2826528 -0.2160714 -1.033343 0.524278 -1.43079 0.552599 -0.3142062 -3.782185 1.28759 
  -5.106515 -1.641771 -0.9006813 -0.5786765 2.428613 0.8403102 0.2160311 -0.2839827 7.098875 0.4524845 1.309331 -0.3781155 1.642201 0.7426022 -1.402063 -1.430383 -0.6797023 0.273286 -0.008584419 0.08162864 -0.09827685 -0.9707932 -0.4268942 -0.1608686 -0.1687909 -0.8325584 -0.1747194 0.08606333 -1.00988 -1.046564 0.3476446 -2.289829 1.529837 -2.090615 0.6134986 0.3594153 3.516707 -0.5558608 -1.288071 1.874394 
  -5.266839 -1.846634 0.1232658 0.181187 2.419507 0.5320019 0.294704 -0.3405021 3.19353 0.3421344 1.113749 -0.1143801 4.181684 1.238961 -1.163209 -0.657253 -0.5412911 -0.05820556 -0.1194709 -0.07353383 0.07032063 -0.813958 -1.805982 -7.679196 -0.8929093 0.8815807 -0.3069938 0.6337132 -0.6403546 -0.2260263 -0.622256 -1.630445 1.787111 1.065409 0.009729302 0.9265363 2.335479 -1.287665 2.83211 0.9174804 
  -4.480408 -1.101337 1.59961 0.6898559 1.842068 0.349984 0.3241847 -0.4912269 2.982722 -0.3458247 0.01691309 -0.3731189 2.682297 2.260837 -0.8278115 1.017937 -0.04200047 -0.9817856 4.672976 -0.3792028 0.2515389 0.1651632 -4.287636 -2.938377 -0.9980426 3.693337 0.4709182 0.923137 -0.7688144 1.418425 -2.496073 -0.9336381 -0.1376763 2.763976 0.4689128 -0.9099641 -0.4981096 -0.6206504 1.915087 -0.04477603 
  -3.218618 -0.4785426 3.119552 1.203371 1.493268 0.461069 0.2277478 -0.3868548 1.36137 0.4173805 -0.3669215 0.3338236 -0.343859 3.442404 -1.032485 0.7699469 0.2171511 -0.4875932 6.546504 -0.3749417 0.3910994 1.004451 -3.116884 0.7828275 -0.7364145 3.228448 -0.7351692 0.03063244 -0.4412107 1.140303 -4.488494 -0.8044976 -0.2732398 -4.101297 -0.4948125 0.5324129 -1.648037 -0.9394556 0.3985921 -0.2918063 
  -2.690084 -0.1300399 3.915932 1.850799 2.171774 0.5048816 0.1007486 -0.1584077 0.612648 0.8648971 -0.5176384 -1.366614 -2.43768 7.172269 -0.9919713 1.059681 -0.1560128 -0.07145455 -0.1514675 -0.2646878 0.311986 -0.3783294 0.2355531 -2.173396 -0.1518589 1.193585 -0.6880788 -0.6789528 -0.5911862 -0.438166 -3.113207 -2.873976 -1.34823 -4.44086 -1.276332 1.106141 -1.865666 -1.423458 -2.390359 0.08414681 
  -1.380542 0.5811017 4.630675 1.585133 4.592013 0.8526275 0.7220116 0.06824951 -1.295554 0.803268 -0.2990945 -1.20923 -2.869551 6.031079 -1.296802 0.5631304 -0.1305629 0.6610618 -0.5334263 -0.0902592 0.5057375 -1.663749 0.9050617 -0.5066803 1.447742 -0.0392193 -0.5368792 -0.1819025 -0.2735088 0.5125115 -1.454081 -3.252504 -1.419941 1.464304 -1.792188 -1.505644 0.3303832 -1.364353 -2.179865 1.504029 
  -0.6146408 0.9690731 4.583243 -0.4522201 1.453812 0.5754835 0.2645894 0.4532705 -0.8561394 1.049206 -0.1021017 -2.50934 -1.322438 2.5091 -0.6786745 -0.4284236 -1.590532 0.5164971 0.5505583 -0.3220451 1.263398 0.2577593 2.17057 0.7149891 1.846191 0.6597953 0.1748773 -0.6105415 -0.1394441 2.748452 1.218176 -0.9371099 0.963638 0.1386175 -0.9402881 -0.2283358 0.7952933 -1.305159 2.722601 1.087174 
  0.4791504 1.197441 4.148575 0.9220397 2.23401 0.2263126 0.16628 0.1544859 1.765049 1.081793 -0.01101837 -2.073979 -1.620342 0.6891952 -0.1137312 1.646291 -1.249481 -0.9515286 -1.47218 0.07795843 1.308496 0.8324251 1.513857 2.881848 1.12669 2.977145 1.306184 -1.865722 -0.5273896 2.87561 2.519256 2.821916 1.422457 0.08822329 -0.271708 -1.277448 0.07154395 -1.180475 2.602629 0.01044194 
  1.314076 1.320084 3.285581 0.3055247 2.042664 -0.1271806 -0.0876068 0.160734 2.535466 1.367254 -0.3006298 -1.801184 -1.423383 -1.736861 0.01237644 1.821337 0.3920704 -1.069302 -1.959419 0.8705912 1.355651 0.6709188 1.934894 0.2624288 0.1371996 3.254538 0.7459853 -3.135769 -0.5863611 0.4781487 2.635225 4.476586 0.8725345 -1.228137 -0.8352164 -0.3425932 -0.1785623 -0.7804339 -1.593711 0.7089739 
  2.420534 1.443639 2.313708 0.2074022 3.048883 -0.5571325 -0.2546641 0.2472622 1.675621 1.877286 -0.02690364 -0.3286676 -0.06594612 -2.282383 -0.08719991 1.294076 0.2349763 0.5136496 0.1656332 1.227067 1.310341 0.7814041 1.996352 -2.257145 -0.05306202 2.244178 0.01034969 -3.074591 -0.3056012 -2.057375 2.601079 4.317069 0.1800964 -0.779353 -1.147985 0.6552777 -0.1159604 -0.2102801 -2.392265 -1.411691 
  2.73152 1.802891 1.521639 1.329558 1.819442 -1.007011 -0.3956295 0.2204968 0.9118279 2.303033 0.5117187 -0.7470767 -0.04608396 -2.317614 -0.1512493 0.9148998 -0.1548997 1.63009 2.737554 1.515401 0.9661475 1.370017 0.2286212 -1.26985 0.4175311 0.413776 -0.6494983 -1.692106 0.7320524 -4.049085 2.206816 2.666425 1.025821 -0.1390909 -1.529324 0.7085357 -0.06996433 -0.2473668 -0.007504399 -2.111795 
  2.85588 1.986062 0.9959768 2.615355 0.883059 -1.224536 -1.004193 -0.1636461 0.1016947 1.79877 1.065808 -0.4032317 -0.03274656 -2.051728 -0.4645847 0.5097491 -1.263559 0.976 2.188081 1.101303 0.7947475 1.226396 0.08184279 -0.4695225 0.5550941 -0.6769967 -0.7226458 -0.802906 1.450748 -2.120399 -0.1241147 1.496302 0.4486514 -0.9564136 -1.141106 0.9330779 0.670131 0.6401553 2.08556 -2.453612 
  2.904853 2.346494 0.5463926 3.626369 -0.3225432 -1.452518 -1.497725 -0.6550812 -0.4038743 1.160982 1.412655 -1.06187 -0.5824083 -0.8932577 -0.05166787 0.1120724 -0.5420568 -0.1509337 -0.401649 0.5055782 -0.04807091 1.262045 -0.4730577 -0.2209596 0.01794744 -0.2569883 -0.1221242 0.2236774 0.7166241 -0.2056455 -0.8681918 0.3271018 -0.5714081 -0.1843693 -0.4250826 -1.246229 0.230262 2.465335 -0.3219823 -1.678491 
  2.975642 2.675643 0.1396834 1.32964 -0.7113932 -1.767461 -1.347256 -0.5653711 -1.401264 0.8877514 2.134913 -1.158584 -0.6109197 -0.2444668 -0.1942271 -0.4693388 -0.142248 -1.542327 -0.598281 0.1156179 -0.5745593 0.1473245 0.354517 -0.2154969 -0.5073784 -0.2808669 1.440463 0.1395793 1.068733 -0.7172791 -0.5356933 -0.1267305 -0.585606 -0.0992846 -0.7068995 -0.5289921 0.2058709 2.238618 -1.125599 -1.128366 
  2.899748 2.117819 0.1404303 -0.3310814 -0.9791365 -2.029584 -0.5411239 -1.004652 -2.459459 0.5119743 2.652901 -1.369058 1.42922 0.2344576 -0.3765705 0.2828943 0.04658945 -1.780453 -0.4442278 -0.3131613 -0.5943316 -0.2025119 0.8056518 -0.0742706 -1.085882 -0.1481285 0.1077672 -0.5285978 1.195617 -1.436053 0.04517866 0.2027414 0.2724983 -0.04118863 -0.7235385 -0.5286175 0.2335165 2.031821 1.181096 -0.3741742 
  2.927665 1.058167 0.4104812 -0.7805181 -0.5650403 -1.610423 0.2961688 -1.659245 -3.081881 0.5057064 0.9754931 -0.4136669 4.337553 -0.7543015 -0.3693592 0.9481505 1.140493 -0.6237818 -0.3353648 -1.029769 -0.5466436 -0.2104665 0.5395488 0.7236912 -1.235713 0.1576956 -1.481523 0.6872723 0.6594663 -1.600342 0.1567611 -0.2758606 0.9896812 0.1470729 -0.4014392 1.307917 1.459383 2.544725 -0.6988207 0.1711789 
  2.638177 -0.1447388 0.5070276 -0.9401253 -0.9293398 -1.287214 0.3837948 -1.61126 -3.52731 1.014804 -0.7553566 2.552647 3.747172 -1.140811 -0.973379 2.181198 2.430769 0.983524 -0.5340507 -0.9950741 -0.5138962 -2.199136 -2.373155 1.877737 -0.4176413 0.2118965 -0.8622593 1.024941 0.7142801 -2.458564 1.132192 -2.294162 0.429445 -0.7276444 -0.8283675 3.08626 2.188781 1.850313 -1.765451 -0.2907533 
  2.194622 -0.8815203 0.422497 -1.406018 -0.5037835 -1.016807 0.5496392 -1.597918 -1.961763 1.347743 -1.487486 6.214006 1.122065 -1.489696 -1.364857 1.758645 1.493317 2.310722 -1.685662 -1.399772 -0.3203499 -1.168041 -3.413767 2.486811 0.007239917 -1.329243 0.487658 2.3311 1.384739 -0.6835973 -0.3649583 -2.203901 -0.1927289 -1.353878 -1.054432 0.9422266 1.628079 1.571001 1.758191 -0.9242519 
  0.8606252 -1.468663 0.6484601 -2.583285 -0.7600601 -0.5298578 0.2299053 -1.086841 -0.05977818 1.690666 -2.121502 4.395221 -0.6188301 -1.620605 -1.618577 1.354599 1.116935 1.62681 -2.312951 -1.622309 -0.1105984 -0.2937084 -0.862359 0.5638027 0.3463126 -5.252339 1.846809 1.974827 1.176927 0.1057152 -2.665517 -1.782562 -1.493196 -0.8043038 -0.8224893 -2.23935 -0.2763791 1.213245 2.381774 1.142431 
  -1.132228 -1.326175 1.110811 -2.905195 -2.010958 0.1744064 -0.4926268 -0.6301959 -0.2221161 2.083431 -2.192381 3.470433 -0.4703923 -0.5831451 -1.603659 0.4717517 0.8706692 -1.166481 -1.360389 -1.138778 0.1311907 -0.4488655 0.826829 -0.7756138 0.1630846 -5.383161 1.313542 1.55868 0.8379059 1.421069 -1.555918 -1.139095 -1.223661 3.905039 -0.2821931 -2.051735 -2.508711 0.639764 0.9914142 2.552966 
  -3.028998 -0.8191671 1.314515 -1.745309 -4.091145 0.2641747 -1.060864 -0.1697063 -0.2270044 2.211274 -2.108555 2.25603 -0.8492612 -0.6539228 -1.677091 -0.5861195 1.157124 -2.718328 0.1376608 -0.9840814 0.3671869 0.2492119 0.4163711 0.1418335 0.4485423 -2.457117 0.001322784 0.5495073 0.354807 2.130646 0.1406441 -1.089886 -0.9557207 4.943447 0.04833764 -0.2270643 -2.722648 -0.01511066 -2.478955 0.3126511 
  -3.970812 -0.6858253 1.919169 -0.3712387 -4.690224 0.7286788 -0.752538 -0.04523056 -0.6951618 2.124366 -2.082111 1.492558 -0.157166 -1.438136 -1.631579 -1.716716 0.9215282 -1.007265 0.7131076 -0.4826683 0.4151506 -0.01429234 0.2925666 0.1775671 -0.4503165 -0.1173548 -0.8562818 -0.4234431 -0.04213085 3.782796 0.4250267 0.4359518 0.6009278 0.1799586 0.820152 0.4257537 0.207776 0.09043666 -2.724916 -0.7329862 
  -4.631063 -0.6444515 2.271698 0.5320445 -1.816328 0.7915003 0.1408309 0.1426516 -0.1294621 1.841807 -0.7468699 -0.3115155 0.7530656 -0.03758027 -1.871323 -1.997952 -1.029902 0.9949774 -0.3312137 -0.06586009 0.2597772 -0.4543664 -0.09824503 0.518832 -0.5587844 -0.1146139 0.4790314 -0.7203327 -0.6963615 1.492258 0.5435014 1.617171 0.4116972 -1.001864 1.498981 -0.8009589 1.898472 0.1000596 0.9825094 -1.559617 
  -4.598153 -0.5011032 2.523089 0.1511712 0.8464197 0.7832701 -0.01787064 -0.00896452 0.9383424 1.473269 -1.244249 -0.3596633 0.2555006 0.5295649 -1.37658 -1.273281 -1.253405 0.1856391 -0.7234051 0.1324455 0.1100388 0.4646324 -0.5063177 1.076062 -0.7027429 0.772617 -0.04491919 -1.396954 -0.1276401 -0.1319195 0.1735701 1.624153 -0.4374446 0.002280787 0.697571 -1.109307 1.952659 -0.03237353 0.9041816 -0.1908233 
  -4.162403 -0.7884843 2.478829 -0.5790618 0.8894617 0.8269637 0.1194945 -0.1382572 0.2183238 1.386151 -0.4886849 0.05551504 -0.6465185 0.1604702 -1.207929 -0.5327632 -1.127107 -1.542142 -0.3550656 0.2694842 0.2471112 0.9738984 -0.4983096 -0.7198544 -0.6514725 1.391325 -0.8300593 -0.6442623 -0.02359266 -2.131636 0.03471481 1.07068 -0.9944339 -1.085126 0.3947167 -0.4083759 1.653058 -0.01378278 -0.4218139 0.8003165 
  -3.674996 -0.9304988 2.332702 -1.253403 1.871656 0.8731161 0.1495943 -0.3063922 -0.7333023 1.14626 0.6169582 -0.05037589 -0.7477486 0.1117655 -1.096914 -0.2411991 -0.8814497 -1.161011 0.836161 0.5073414 0.09695029 0.2675455 -0.4905568 -1.181599 0.6334997 1.135596 0.3117922 0.0001359936 0.3352194 -1.176285 0.4198051 0.2635676 -0.5163462 -0.4528602 0.5296589 1.383489 0.4329794 -0.1698695 0.192889 -0.3997766 
  -3.392901 -1.283388 1.893254 -0.6101578 2.496417 0.6016927 0.2851623 -0.3650589 -0.09381124 1.26586 1.388046 -2.486303 -0.717086 0.3273039 -1.172079 -0.02682588 -0.5948977 -0.2083703 1.393515 0.1469763 -0.03747038 0.7192698 0.01008156 0.2848996 1.090755 0.1888469 2.054195 0.2206699 0.2741585 -0.4799362 0.3912459 -1.464399 -0.411829 -0.2760713 0.4072059 1.637759 0.4470712 -0.03729953 -0.416319 -1.486224 
  -2.695276 -1.64922 1.539235 0.1189102 2.545458 -0.06941044 0.3510624 -0.8020418 1.682023 1.02052 2.653871 -4.437642 -0.9828313 0.9034645 -0.9723495 0.2228289 -1.119427 0.1841947 -0.475395 -0.09980554 -0.1365719 1.472304 -0.101988 1.052288 1.074801 0.8653008 1.918326 -1.428121 0.3982941 1.060433 0.03337029 -0.7022206 -0.5765493 -0.8267463 0.1562138 -1.179728 -1.219325 0.2195611 2.290382 -0.809121 
  -1.177733 -1.734048 1.269787 0.5122508 2.374808 -0.2744201 -0.1889444 -1.266276 1.612939 0.728907 2.834013 -3.517872 -1.223392 0.6220274 -1.025695 -0.2060059 -0.3931952 -0.02582266 -1.485444 -0.5856525 -0.2405796 2.075747 0.1344718 0.09837203 0.9687178 3.571208 1.232701 -1.778278 -0.03099537 1.529809 -0.08951525 0.4747551 -0.3966824 0.4197564 0.3016826 -0.6425036 -0.4887218 1.144198 0.9544145 1.061828 
  0.7558942 -1.778634 0.7286896 -1.006919 2.487142 -0.904108 -0.5226566 -1.39971 0.5022917 0.4993535 2.738324 -1.791592 -1.402239 -0.02188521 -1.503972 -0.01030356 0.9860293 -0.3249548 0.414991 -0.5121875 0.03384987 1.117315 0.7338992 -1.096691 1.004809 4.885972 -0.544923 -1.258683 0.1088948 1.317458 0.8921999 1.847685 0.7421179 -0.7908404 0.2970237 0.4616382 0.04099844 1.086116 -2.236925 0.8285133 
  2.19676 -1.987907 0.2612986 0.1005692 3.500353 -1.325948 -0.6714455 -1.762194 -0.3180124 0.4838168 2.223634 -0.9571401 -0.6121279 0.2861167 -1.981107 -0.5973462 1.355762 0.5765994 2.278002 -0.7895183 0.117379 0.1136552 0.8325744 -0.7730491 0.9419131 2.856352 -1.64536 -0.7343837 0.6956123 0.6797612 2.330959 1.639175 1.586563 -1.500262 -0.7244729 1.237441 1.976136 1.153638 -1.63542 0.4946485 
  2.627668 -2.13113 -0.336282 2.156468 3.817702 -1.68018 -0.2249362 -1.740281 -0.1684729 -0.01008154 1.284348 -1.05193 0.1409552 -0.03719927 -2.330983 -0.5799188 1.200482 1.172366 1.524386 -1.016247 0.4203926 -1.753266 1.171448 0.09426109 0.8210154 0.3283528 -0.5309166 -0.1187312 1.238202 -0.4763413 1.069096 1.160637 1.194606 -1.208179 -0.8870173 0.4236892 1.566972 1.257933 1.05463 0.7461237 
  3.028319 -2.122443 -0.7778119 3.621454 2.627277 -1.735912 -0.09301186 -1.573459 -0.1551256 -0.121512 -0.3106632 -0.2180528 0.3013673 -0.350982 -2.281778 -0.9861031 1.436466 0.9040067 -0.2669992 -0.9856429 0.7649776 -1.633235 0.1101314 0.4338843 0.1437365 -0.298332 0.6627815 -0.1003567 1.652368 -1.27875 -0.1810225 1.453316 1.330519 -0.1990801 -0.5033575 0.1852667 0.7159399 1.382279 2.970316 1.416829 
  2.873453 -1.959206 -1.070059 1.972704 -0.1403299 -1.906382 -0.5222893 -1.376428 0.5533091 -0.5858648 -2.122302 -0.7249227 0.4858829 -1.069671 -2.210711 -0.9622381 2.224398 -0.5164689 -0.6603612 -0.5895279 0.8036777 -0.6458201 0.1658479 0.09793978 0.194858 -0.4051672 1.200015 0.7305214 2.137278 -1.185941 -0.006886704 0.8502411 0.407012 -0.4751509 -0.3894494 -0.005096283 -0.3760956 1.391594 0.03488533 0.9957494 
  2.930633 -1.879022 -1.001591 0.8788679 -0.7544222 -1.414311 -0.7029947 -1.049124 0.4488092 -1.021033 -3.172238 -0.5401127 0.5154172 -0.7995652 -2.455849 -0.8736141 1.603075 0.05769706 -0.1706912 -0.3045792 1.171894 0.2465433 -0.02374348 -0.3545045 0.1802295 -0.3594673 -0.004652366 0.2735786 2.774674 -0.8996796 0.05571031 0.1558338 -0.5246255 -0.001006547 -0.575155 0.5639079 0.03980205 1.483127 -0.4852684 0.8916243 
  2.980335 -1.839893 -0.7612021 0.814881 -0.9666155 -0.7744662 -0.8687035 -0.8844186 0.2960612 -1.35498 -3.393396 -0.1965857 0.3628229 -0.2599711 -2.457956 -0.9713589 0.8323746 0.2117551 0.1709283 0.2412712 1.522815 0.2296353 -0.7280366 -0.1372753 0.3233515 -0.09576114 -1.432654 0.9965825 2.996643 -0.5365744 -0.1125546 0.1368615 -0.3352465 0.6900746 -0.4435731 0.5714102 0.3735289 1.588965 -0.1477324 0.2122089 
  2.996584 -1.800367 -0.4403299 0.6259984 -1.116858 -0.1805447 -0.8615558 -0.7639278 0.3705809 -1.65259 -3.423338 -0.2413502 0.6632058 -0.2484865 -2.126335 -0.9051341 -0.3499602 -0.2138416 0.2578596 0.7094615 1.616074 -0.2284488 0.06509957 -0.1597908 0.04826182 0.03342438 -1.317247 1.638249 3.042799 0.06165252 -0.6779531 0.2787284 -0.1747675 -0.04687798 -0.2401194 -0.2551476 0.2442801 1.711326 -0.4859711 -0.5174198 
  2.803989 -1.745375 -0.1550286 0.5068081 -1.209541 0.4436114 -0.808 -0.5436487 0.0239627 -1.881064 -2.977968 -0.7793134 0.4735261 0.1810168 -1.638715 -0.640389 -1.473755 -0.7301375 -0.1386173 1.126453 1.618636 -0.7264559 -0.02113973 -0.7060567 -0.1507287 -0.3338712 -0.282193 1.459899 3.036557 -0.5344139 -0.304121 -0.2805088 -0.3501941 -0.232839 -0.4992907 -0.6266493 -0.009048391 1.68911 -0.1203316 -0.680432 
  2.684357 -1.80509 0.1289005 0.4823986 -0.8421175 0.9731842 -0.5277694 -0.3348984 -0.3943271 -2.030084 -2.200434 -0.8354076 0.6797216 0.4164247 -1.153191 -0.2572906 -2.018027 -1.65859 0.1674003 1.45098 1.781602 -0.7866846 -0.336135 -0.32291 -0.5656117 -0.4607843 0.7223507 0.6724394 3.117859 -0.7435663 -0.1307924 -1.182212 -0.6742162 0.3313637 -0.8328965 -0.917213 0.1903669 1.540826 0.4052151 -0.1020336 
  2.366044 -2.158056 0.7269937 0.1960086 -1.124896 1.279586 0.0526315 -0.2842841 -0.5862197 -2.075282 -1.218804 -0.4453462 4.1628 -0.2354527 -0.8626642 -0.1471056 -1.511734 -2.834031 0.3413334 1.966397 2.022854 -1.025479 0.8056524 -0.3934582 -1.189261 -0.500146 1.015653 -0.3021733 3.208024 -0.4094068 -1.010391 -1.897249 -0.8395045 -0.2146788 -1.570756 -0.700711 0.6468277 0.8777981 0.4282212 1.327842 
  2.109854 -1.916723 1.441299 0.02097812 -1.22926 1.264664 0.0858117 -0.0463421 -0.2470799 -1.68021 -0.2719405 0.9809679 5.064586 0.3719798 -0.08282512 -0.2484963 -1.261278 -1.65334 -0.14954 1.995005 1.558797 -0.02317638 -1.165401 -0.2784055 -1.852606 -0.004442863 1.369194 -1.147001 2.431305 0.1068302 -0.1349381 -3.181521 -1.065353 -0.1371551 -1.336744 0.9180415 -2.031168 0.2727754 0.433081 -0.5163599 
  1.872139 -2.198278 2.346429 -0.2408941 -0.9545648 1.208903 0.4216748 -0.2667062 -0.3724449 -1.264886 0.6658038 2.437773 4.205934 0.5884033 -0.01869252 0.3855867 -0.9129992 -0.8595089 -0.215495 1.955263 1.451468 0.9882238 -3.902569 0.2860318 -1.644865 -0.02904341 -0.3329016 -1.704401 1.633528 0.4347517 -0.2244686 -3.926482 -1.066323 0.1849126 -1.435577 0.364024 -0.7860854 -0.1113646 -0.1730937 -1.728021 
  1.492967 -2.322031 3.585802 -0.9698567 -0.9008082 1.102093 0.7605591 -0.8910883 0.003036717 -0.9435189 1.498335 3.420116 1.870885 -0.3234851 -0.164258 0.8934736 -0.8864262 0.1369398 -0.2421081 1.71561 0.9929608 1.553514 -3.095747 0.5464079 -1.056987 -0.9287168 -1.33275 -1.528081 0.6253902 0.9577549 -2.864997 -3.882264 -1.110779 -0.7280834 -1.311803 -0.8614675 1.154001 -0.301598 -1.446577 -2.167612 
  0.7329463 -2.062144 4.533669 -1.53177 -1.05877 0.8766945 0.7092404 -1.276616 0.2163256 -0.4789556 2.121197 2.900672 0.06533583 0.9230253 -0.246554 1.099393 -0.8873835 0.6772596 -0.4934502 1.578314 0.5370495 0.2316236 -1.0318 -0.1667448 -0.3748059 -2.488261 -1.785841 -1.50674 -0.3261112 1.504775 -3.363811 -3.364926 -1.208352 0.03186969 -1.265278 -0.6974241 1.06972 -0.1083937 -1.447523 -1.503903 
  -0.1334607 -1.627545 5.325242 -1.499344 -1.920446 0.9764854 0.4074698 -1.536002 -0.5567114 -0.2613339 2.020148 3.605518 -0.12176 2.535226 0.04153654 0.286004 -1.184559 1.303209 -0.3987703 0.9712842 0.3184412 -0.01071915 0.3834654 -1.016567 0.06282625 -2.715726 -1.361013 0.204146 -0.3872986 3.54505 -1.650427 -0.7970338 0.02425454 1.886474 -0.9419814 1.617457 0.4090001 -0.1270044 0.06598721 -1.733727 
  -1.472112 -1.264384 5.913261 -0.6304909 -2.458429 0.7386587 0.09932528 -1.814617 -0.3065884 -0.05207441 2.205525 2.56719 -0.1833374 0.9654089 -0.2426883 1.166133 -1.284654 0.332228 0.4523966 0.4821498 0.1108294 -0.9831314 0.4741277 0.2738692 0.2247459 -1.995897 -0.4353528 0.3397553 -0.4936202 3.233002 0.2979582 0.4277276 0.3576051 2.347235 -1.561044 0.2172595 0.5182899 -0.5967768 1.676401 -2.120708 
  -2.684369 -0.5441303 6.110567 0.1364178 -2.850293 0.8310803 0.2220629 -1.907921 -0.2155694 0.06552246 1.307139 1.223885 -2.461216 -0.4521399 0.202929 0.1680021 -0.1514722 1.544777 0.4506449 -0.06635521 -0.2855458 -0.193881 0.4049197 0.4847845 1.335186 -1.857713 -0.2723024 1.062103 -0.6821309 1.269441 1.220803 0.07002401 0.3779106 0.1570707 -1.968897 -0.7566098 -0.5127273 -0.2349849 0.6290406 0.5498945 
  -3.071325 0.2107891 5.387326 1.239819 -1.274714 0.4689351 -0.7476702 -1.294739 -0.8257082 0.01516985 0.8927468 -1.290932 -6.719029 -0.8230264 0.6379664 -0.578118 -0.3086483 1.319913 -0.9163818 -0.4289863 -0.02687568 -0.06524257 -0.531234 -0.4079279 0.9530375 -1.724081 0.03247267 -0.4008638 -0.8157767 1.168095 0.9025195 1.214063 -0.1458316 -0.2789287 -1.701224 0.08589017 -2.668772 -0.1206138 1.150582 -0.08243369 
  -3.183087 -0.1960081 4.498582 0.4932815 -0.4208129 0.07681651 -1.274059 -0.7630458 -2.498634 0.4288917 0.01872549 -5.258474 -3.553861 -1.40383 1.178514 -0.1239757 -0.1874214 0.3138043 -0.8776768 -0.2971471 -0.4265904 -1.10392 3.636825 -1.31415 -1.597462 0.07737207 1.575773 -1.591306 -0.8358871 1.224129 -0.1522266 1.505167 1.20347 1.345098 -2.008162 -0.8283579 -2.030851 -1.0999 -0.5704158 -0.8679979 
  -2.443665 -0.1722408 3.407791 -0.344748 -0.1492568 0.2824581 -1.339745 -0.7163206 -0.2825514 0.04952023 -0.9366 -5.619256 -0.9981597 -0.9795827 1.296473 0.03597152 0.653273 0.637183 -0.2602327 0.30822 -0.9620867 -2.40303 4.52586 3.163355 -2.268723 3.762769 1.367604 -1.599165 -1.455803 -0.536475 2.266813 0.9548219 1.94337 1.734879 -1.230498 -0.5150999 -0.7771971 -0.6785555 -1.998852 -0.03649681 
  -0.5607614 -0.8043842 2.213554 -0.04802579 1.405619 0.2082812 -1.506978 -0.4363149 1.08592 -0.06472132 -1.999434 -3.086187 -0.174945 -1.299655 1.665283 0.2826527 0.8044406 1.637432 -0.8387027 0.8519492 -1.258583 -0.6086291 1.534767 2.906858 -2.947813 5.16927 -0.575539 -1.531775 -1.000732 -0.2513938 4.90838 0.5912325 2.101085 -2.885416 -1.714603 0.396707 1.724229 -0.5108582 -0.4632441 0.4893548 
  1.370982 -1.111148 0.8999352 0.3880462 3.965948 0.2215064 -1.589669 0.2105312 1.110933 0.006315563 -2.038093 -0.516647 -0.3757447 -3.160874 1.724511 0.2163186 0.2652998 0.473614 -2.371547 1.055685 -1.303292 0.4111125 0.09678227 -1.361983 -1.96658 4.462944 -0.6143036 -0.2856178 -1.411795 -1.379244 3.785975 0.5912024 -0.7977989 -3.352995 -0.9854392 1.615208 2.647143 -0.723855 1.168396 0.04264405 
  2.747765 -1.345795 0.192411 0.4199565 5.972555 0.3592051 -0.8985077 0.9730294 0.5677586 -0.008444428 -1.489325 -0.03723358 0.02972871 -3.602088 1.684183 1.059169 0.02722688 0.1707956 0.990814 1.200526 -1.106422 1.096399 -0.2782511 -0.9159226 -0.9556328 0.956517 -0.2047635 0.4587671 -1.039976 -1.411905 0.6928718 0.6704994 -2.530502 0.5921609 -0.04126605 -0.03561694 2.419224 -0.8701271 1.536828 1.808347 
  2.769011 -1.439687 -0.8647083 0.4868374 2.938243 0.3356524 -0.2385546 1.165735 1.680299 0.05892253 -0.3919444 -0.4048777 0.002025943 -1.667724 1.646175 0.7239457 0.9323542 -1.525371 1.960883 1.384791 -1.21054 1.281726 0.905212 0.2781893 1.054547 -0.6561436 0.09791377 1.903622 -0.4052763 -1.114567 -0.629739 0.03648764 -2.669634 0.3837304 0.6854088 -0.5821252 0.5958146 -0.9770651 -0.7151711 1.887814 
  2.934575 -0.8833817 -0.7166044 2.853324 0.7036713 0.8830774 -0.3204679 1.250564 3.284988 -0.0469716 -0.01509221 -0.3560825 -0.5047603 -0.4015467 1.390645 0.4366319 1.318115 -1.436206 0.1274412 1.710636 -1.059411 -0.1437465 0.2480347 0.7469795 2.331075 -0.5259154 -1.152695 2.85224 -0.146417 -0.707833 -0.8863534 0.2816476 -0.3781264 0.5185417 1.500556 2.817696 -1.036579 -1.026336 -1.91307 1.900801 
  2.871728 -0.4059982 -0.8349514 1.576074 -1.140091 1.051123 -0.1679468 1.714929 1.655776 -0.0356481 0.2484255 -0.150497 0.4442903 0.09403482 0.8529375 0.1750145 0.7077125 0.9801069 -0.1483717 1.438828 -0.7099277 -0.06706229 0.8684255 -2.470589 3.226339 0.214399 -1.290387 2.56416 0.09541797 0.3596748 -0.1878233 -0.3588403 0.04391826 -0.2439738 1.844549 1.568737 -1.634296 -0.5259043 -0.0687274 -1.817512 
  2.829494 0.1550737 -0.6482373 1.484799 -1.111799 1.212767 -0.3072303 1.893271 0.7879714 -0.2249216 -0.2003328 -0.1266689 0.6970766 0.3624047 0.7249936 0.05786961 -0.3050762 1.799509 0.7373944 0.8628681 -0.8851839 0.5254493 -0.06942339 -2.584273 2.736385 0.6975586 0.7922618 2.107838 -0.0968081 0.2243201 0.5102124 -0.9859059 0.9248284 0.9496301 1.920791 -1.741077 -1.359447 0.1998512 0.9793163 -2.575643 
  2.889709 0.7055538 -0.01528615 1.591227 -0.8345342 1.331461 -1.16943 2.247757 0.5914009 -0.5795553 -0.2106574 -0.3312676 0.5511001 0.296422 0.5757182 -0.1469029 -0.6797856 0.8964339 2.917963 0.6114098 -1.389361 0.7097123 -0.7159388 0.2434619 1.200745 -0.1937827 2.495492 0.8926177 -0.3106707 -0.01334018 -0.4578944 -1.042165 1.636115 -0.4264962 1.315012 -2.586225 -1.24976 0.5757512 0.1226114 -1.101214 
  2.75162 0.9681156 0.4238219 1.742366 -1.031149 1.276495 -1.878334 2.749876 0.3788777 -0.8511175 0.4628225 -0.6055764 0.4313266 0.7035673 0.4987208 -0.1635885 -0.3074655 -0.3422294 0.5372051 0.4718441 -1.691198 0.4186271 -0.1562445 -0.2101698 0.08335082 -0.323976 2.078337 -0.2477991 -0.5624866 0.1443432 -1.442958 -0.8775873 1.254853 -1.746128 0.496545 -1.337726 -0.9803767 0.7899014 -0.768791 -0.03962515 
  3.004384 1.275031 0.7147952 1.360875 -0.3859016 0.9695546 -1.978938 3.239726 0.05947985 -1.31868 0.845432 -0.4276411 0.2395111 1.951414 0.1220472 0.1266193 0.1587821 -1.030842 -1.105386 0.4236705 -1.818247 -0.01078956 -0.7884685 -0.08278429 -0.163053 -0.117153 0.8012425 -1.132004 -0.5332635 0.5868083 -0.7178696 -0.3518772 0.1156966 0.5214944 -0.1760089 0.422708 -0.3005131 0.9228153 -1.107283 0.1172215 
  3.011059 1.390428 1.020208 -0.8954864 -1.365702 0.7655112 -1.270799 3.472796 0.07172286 -1.318228 1.016302 -0.6169528 0.06302072 0.7963986 -0.09827305 0.2034257 0.7284386 0.4098483 0.1130265 0.460462 -2.063153 0.2004707 -0.06333157 0.1813836 0.1306534 -0.07157073 -1.355334 -1.35058 -0.3789956 0.3787841 -0.1168502 -0.3144653 0.8518279 -0.1957811 -0.5998572 0.6349368 0.5135509 1.010617 0.9493608 -0.3522892 
  2.938567 1.205829 1.110302 -0.5034742 -0.9108822 0.2318428 -0.07500114 3.651568 -0.02827 -1.258971 0.4761831 -0.7110242 0.3038451 0.01303323 -0.005380051 -0.202505 0.4902114 0.5742685 -0.1502116 0.3554583 -2.383995 -0.02352762 0.3136148 -0.08400629 0.448205 -0.2237319 -0.8189244 -0.772884 -0.2884986 -0.1007617 0.03245946 -0.1696289 0.5416639 -0.1917579 -1.085384 -0.02729214 0.2743645 0.9160925 0.434263 0.1641468 
  2.898808 1.104283 1.017569 -0.2383955 -0.7081282 -0.03546166 0.4540172 3.774155 -0.006309336 -1.357459 0.05701491 -0.7762623 0.2294184 -0.1791865 0.04653934 -0.296839 0.2962341 0.5860391 -0.1996517 0.3734655 -2.52511 -0.2418431 0.03844225 0.007743955 0.5008475 -0.2429632 0.06498791 -0.2995215 -0.1664266 -0.03868107 0.41381 -0.1100249 0.5777901 0.2171657 -1.30145 0.03873262 0.2431161 0.7931739 0.1191217 -0.07084234 
  2.918029 0.9549872 0.9131615 -0.1880066 -0.7780001 -0.1378862 0.7682211 3.761429 -0.02491068 -1.442678 -0.1766358 -0.7904489 -0.1327975 -0.7151843 0.05568857 -0.3333076 0.2721453 0.5349323 -0.09229746 0.506862 -2.550507 -0.1248388 -0.3321658 0.1650971 0.147492 -0.04484256 0.2403913 0.1623303 -0.02376029 0.01024709 0.3639358 0.06201127 0.9583016 0.1035525 -1.55076 0.03413745 0.3026319 0.6926957 0.3549822 -0.2900955 
  2.988076 0.7334228 0.7093003 -0.1791063 -0.7920694 0.03284448 1.164136 3.585495 -0.2646941 -1.558239 -0.4481257 -0.8780224 -0.6279026 -0.7931141 0.0109265 -0.2364802 0.3737536 0.4190085 -0.3195575 0.6071235 -2.417542 0.1542877 -0.08871488 0.03164327 -0.1912801 0.05167221 0.09179586 0.7094734 0.08158512 -0.301374 0.05515978 0.1411216 0.9158384 -0.04145278 -1.921701 -0.07470218 0.8999084 0.69616 0.1656684 -0.1522861 
  3.095912 0.390157 0.402343 -0.3108603 -0.6645486 0.3866624 1.833892 3.18422 -1.428468 -1.648939 -0.3662199 -0.727666 -1.183402 -0.724048 -0.2181961 0.1277922 0.3971699 -0.5793619 -0.2648466 0.655485 -2.00794 0.07139009 0.1958402 -0.1877863 -0.2814514 0.08721457 -0.6431763 1.306395 0.307256 -0.9019623 0.04643624 0.2881737 0.4782108 0.0465954 -2.282118 -0.4652677 1.482345 0.6351025 0.09352136 0.1953263 
  2.911655 -0.2408497 -0.05125406 -0.4891304 -0.6566595 0.4475608 2.816089 2.683754 -3.496686 -1.676297 0.2393699 0.142996 1.365802 -0.4536158 -0.3682797 0.4134277 -0.1892184 -1.837057 -0.2805137 0.6725599 -1.570149 0.06055721 1.296773 -0.5761026 0.07111599 0.02987039 0.2358271 0.6303621 0.32585 -1.560109 0.2543749 0.1723886 -0.461993 0.2251636 -2.572935 -1.2816 0.4753754 0.385465 1.243915 0.3966216 
  2.581127 -0.8659016 -0.2853167 -0.4566834 -0.6659206 0.8667135 3.701789 1.945788 -3.952175 -1.254057 0.6017291 2.344331 3.247447 -0.8230144 -0.5775567 1.92411 0.1250965 -2.415539 -0.03399082 0.5089589 -1.167868 -0.0693185 0.609764 1.609141 0.02211536 0.1365899 1.14363 0.0111786 -0.4584248 -2.562848 0.8997948 -0.7054417 -0.536083 0.4252725 -1.812556 -0.631251 -0.08876278 0.3028369 0.3772386 -0.1658628 
  1.862886 -0.6781036 -0.07526869 -0.3195018 -0.6822487 1.011956 3.274402 1.759307 -0.276932 -0.8717714 -0.1282016 6.23982 3.527677 -1.285035 -0.7430694 1.656656 0.519107 0.7893092 -0.8821155 0.967424 -1.094846 -0.1684805 -0.9620549 4.370002 0.482979 -1.122346 1.935758 -0.8425216 -0.4787138 -1.366258 0.8000539 -0.7525132 -0.1226682 -0.5236357 -1.030573 3.136625 -2.574959 0.2382916 -0.9060405 0.5053164 
  0.608515 -1.067149 0.009302944 -0.8010468 -1.083395 0.8117053 2.628734 1.54109 0.8310349 -0.06070438 -0.4295956 6.158303 0.2830883 -2.139601 -1.007314 1.314921 0.9250383 2.402318 -2.93409 1.216224 -0.5211712 0.301778 -2.35672 -0.2173733 -0.01024689 -4.384114 0.6506792 -0.8022916 0.1582638 1.240036 -0.5889585 0.8464273 0.6298615 -2.720104 -1.054792 1.20654 -0.6438718 -0.2295258 -3.050156 0.2199057 
  -1.322946 -1.101716 0.4086592 -1.509734 -1.625354 0.6407394 1.735907 1.369261 0.05518627 0.517952 -0.2562848 3.75681 -0.4381067 -1.456192 -1.092669 0.7923753 -0.03598291 2.9296 -2.04618 1.269969 -0.08913755 0.2104892 -2.468936 -2.90256 0.1885318 -5.492618 -0.6337376 -1.041179 0.2024014 1.555995 -1.277461 2.504695 0.09323717 2.997731 -0.4219739 -3.297876 0.05311288 -0.08865681 -0.7244835 0.2992369 
  -3.34302 -0.3698369 1.112203 -1.391525 -3.650478 0.9194766 1.023912 0.9748139 0.4250681 0.7827343 0.120057 2.352103 -0.1221978 -0.4777757 -1.143774 0.2725735 -1.056894 0.6775503 2.448438 1.098927 0.2288735 0.05690818 -0.3667108 0.9608115 -0.436941 -3.059919 -1.708894 -0.9600522 0.1362172 0.1160874 -2.367487 2.740125 0.8711972 5.860359 0.02741447 -3.705819 1.04856 0.2296682 1.757046 0.7616146 
  -4.92669 0.008356538 1.433347 -0.3674837 -5.24429 0.4657952 0.2964391 1.130594 0.9323844 1.024239 -0.02571448 0.4906537 -0.2588688 -0.4134274 -0.8798037 -0.3846351 -1.353218 -1.019588 0.9032202 1.054833 0.4103479 0.1934674 1.916163 0.0860516 -0.2253314 -1.164995 -0.3319734 -0.3003809 0.05757121 -0.4297585 -2.057961 1.991579 0.05765268 -1.000123 0.7400771 0.6847659 -0.4051381 0.06716842 -0.5118931 -0.6039453 
  -5.482972 0.1265418 1.775741 0.8735659 -2.997603 0.3563677 0.1886393 1.039637 0.1331343 1.302511 0.4701267 -0.8093367 -0.6180724 2.143835 -0.9319457 -0.8321925 -0.8055164 -1.265324 -0.36601 1.068906 0.1795999 -0.7253258 -0.8917571 -1.205325 -0.1740136 0.05123793 0.7049802 -0.8401703 0.06025258 -1.704389 1.732011 -0.2243281 0.06274196 -0.6775371 0.5976084 2.443428 0.9486915 -0.05760479 -1.397169 -0.2183695 
  -5.278045 0.9833052 2.09304 0.07057402 0.2227127 0.17432 0.9751523 1.185781 0.3250819 1.033583 0.3897884 -0.4477448 -1.895026 0.5215738 -0.284329 -1.019445 -0.4752605 1.490334 0.3584964 1.402956 -0.1981263 -1.510469 -0.6674449 -0.003347282 -0.4798466 1.422196 0.1273788 -0.6667738 0.6325353 -0.9687152 0.03527415 -1.41764 -0.3697632 0.5575223 -0.08732029 0.4072881 -2.082735 -0.3348672 -0.171773 -0.03816966 
  -4.473915 0.7047102 1.854352 -0.5142381 1.554865 0.2183825 0.894195 0.7312046 -0.8704513 1.015285 0.6112246 -1.676487 -2.278593 0.1295453 -0.3928643 -0.1382285 -0.6881867 -0.2327681 0.6181282 1.060161 0.06338274 -0.5170711 0.6963759 -0.5498465 -0.3838713 1.570894 -1.385859 -0.6118054 0.2467361 -0.02638503 -0.7613591 -2.893683 0.1355756 -1.743486 -0.3492424 -1.808919 0.3817163 -0.3287769 0.7938586 -0.7417905 
  -3.166056 0.9478312 1.064593 -1.080895 2.597154 0.1541252 1.261412 0.1827971 0.6881986 0.4972263 0.9125769 -5.347871 -3.673616 1.124657 0.051912 -0.5739248 -1.127532 -1.452698 0.02978674 0.8691932 0.2020002 1.371 0.1716961 0.5280024 0.2286351 0.6840242 -0.01851798 0.3034938 -0.6631464 2.546735 1.022991 -2.18451 -0.1357338 -1.915696 0.7374939 -2.306711 1.259706 0.5811669 0.9313929 -0.735534 
  -1.865075 1.1103 0.714662 -0.2729445 4.031331 0.2162766 1.057337 -0.2550273 1.903368 0.3639278 1.516436 -4.986893 -1.653803 0.6888108 -0.295178 -0.3725852 -0.4270217 -1.321581 -0.4869214 0.6644186 -0.05327127 1.801794 1.656748 1.962584 0.3677105 2.740107 0.7950674 0.5808379 -0.3997277 2.601113 0.6834125 -1.206654 -0.01839319 1.792236 -0.1663331 2.084917 2.206605 0.000788819 0.7123714 -1.352977 
  -0.01387505 0.6143741 -0.2769181 0.08083683 3.062139 0.1449915 0.9301269 -0.4308721 0.6633509 0.2318031 2.074194 -2.38514 0.7480305 -0.1242511 -0.6256735 -0.2069479 0.8416397 0.5668821 -1.626702 0.4533973 -0.2309379 1.396586 3.047559 -1.27352 -0.6208478 6.674677 2.577569 1.244381 -0.8563247 2.891147 1.197663 0.6636957 -0.2474316 0.1531925 0.520101 2.324579 1.482151 0.085552 -1.243003 -1.821715 
  2.01483 -0.0308883 -0.8130074 0.1666241 4.300585 0.281775 0.09515147 -0.7560442 -1.19115 -0.0320062 2.50881 -0.6652462 1.414094 -0.03523465 -1.672598 -0.1191764 1.989092 1.869061 1.463993 0.3270751 -0.7771168 -0.1172651 -0.2551993 -1.786364 -2.06356 4.529808 3.153417 1.522011 -1.318148 0.9197986 3.847864 1.287898 -0.8334373 -2.316576 0.6217235 0.5734307 1.367267 0.1584754 -1.063644 -1.331342 
  2.511151 -0.5150552 -0.9756169 0.2220737 4.684798 0.4015737 -0.5938417 -0.9100672 -0.7301967 -0.1910745 1.760945 -0.962298 1.813346 -0.4861403 -1.938304 -0.3749192 3.69377 2.552963 2.926951 0.2455208 -1.492596 0.04452854 -1.637014 0.7383748 -2.090804 0.3452733 1.779466 1.583943 -1.448235 -1.476634 1.510027 0.6253316 -0.2625856 -2.470407 0.7485859 -2.29589 -0.3406069 -0.3179083 0.09019356 -0.232268 
  2.927818 -1.266822 -1.134559 2.344132 4.412537 0.2287548 -1.705509 -0.5280495 -0.619599 -0.07900287 0.6931424 -0.9436332 1.2588 -1.528345 -2.696421 -0.7397632 2.803288 0.7773365 -0.3598202 -0.5440553 -1.803413 0.8981142 -1.135612 0.9418187 -1.989464 -1.627726 0.8922212 0.4377388 -1.250516 -2.288624 -3.260279 -0.06909051 -0.9726601 -1.27673 0.6812126 -0.2186588 -0.4472508 -1.174926 1.562248 -0.03268317 
  2.984044 -1.890285 -1.367105 0.552602 -0.1264498 -0.05958397 -1.923139 -0.5331076 -1.142447 -0.7789701 -0.07167114 -0.7281078 0.2171734 0.6406856 -3.106089 -0.5228233 1.93329 -0.6434171 -1.9999 -0.7938796 -2.391103 0.9711707 -1.615991 0.04066336 -1.326071 -0.6546205 0.06259467 0.1040855 -0.990995 -0.5142283 -1.521398 -0.5451654 -1.930617 0.1805228 1.635573 -0.1004395 -1.022054 -0.9912167 0.4804502 0.7544379 
  2.957562 -2.310652 -1.156347 -1.712605 -1.046779 -0.1461523 -1.005129 -0.5643845 -1.619484 -0.8169652 -0.345933 -0.863324 0.3196994 0.5197085 -3.120138 -0.8173997 0.4987502 -1.207935 -0.6245982 -1.007897 -2.78988 0.4481285 -0.3428718 0.04462373 -0.8428114 -0.3797547 -1.592273 -0.4476898 -0.9026727 -0.07006826 -0.7216406 -0.8886551 -1.260908 1.018428 1.623889 -0.2568977 -1.137108 -1.476153 -0.2809373 0.7703795 
  2.78126 -2.944953 -0.8698462 -1.718568 -1.223432 -0.3344674 0.009609824 -0.8466303 -2.182213 -0.7081557 -0.6714593 -0.2884258 2.134633 -0.2527101 -2.54248 -0.8903539 -1.348002 -0.919831 -0.1459282 -1.033634 -3.023641 -0.1627591 0.8860163 0.3628711 0.4096102 -0.009834561 -2.574388 -0.6634657 -1.468883 -0.1099042 -0.442988 -1.108311 -0.6044374 0.2702206 1.291084 0.01556901 -1.737039 -1.563337 -0.3985369 0.6106845 
  2.511923 -3.487354 -0.8212231 -0.8179584 -1.236333 -0.3638362 0.5298596 -1.00136 -3.085264 -0.3525936 -1.047913 1.888262 2.138286 -0.186929 -1.801087 -0.1022049 -3.044326 0.3200829 -0.2389216 -1.133935 -2.890599 -0.4253041 -0.4666965 0.7469227 1.559148 0.256496 -1.599988 -0.6800924 -1.940276 -0.1998014 0.8194268 -1.637387 0.587141 -0.3692122 1.102677 1.138712 -0.673932 -1.48325 -0.006192178 -0.1306883 
  2.187297 -3.230943 -0.8629425 -0.2886748 -0.9983081 -0.5337933 0.976722 -1.062358 -2.473417 -0.3673968 -1.050348 6.124835 -1.505878 -0.7809365 -1.103131 -0.2243665 -4.10311 0.6058125 -0.6393656 -0.7486414 -2.525507 -1.341118 -2.150781 1.939543 1.868017 -0.7353604 -0.7079011 -0.3762423 -0.7147556 1.758564 0.7060311 -0.1157792 0.8486149 -1.281445 0.02872352 0.9146101 -0.6443501 -1.923199 0.6965813 0.7019584 
  1.22419 -2.906488 -0.9934474 -0.322501 -0.7085899 -0.6059281 0.6668526 -0.6783825 -0.765887 -0.2576141 -0.7219924 5.415059 -2.678713 -1.099809 -0.1842583 -1.027143 -3.970686 0.9362847 -0.9403377 -0.8295088 -1.918419 -1.569855 -0.2821952 1.473956 1.612121 -4.159908 1.347326 -0.2484061 -0.6448917 3.651306 -0.840205 2.155897 0.8740075 -0.863952 -0.1167511 -0.424823 -0.182826 -1.582291 -0.3579886 1.251782 
  -0.9406672 -2.19249 -0.9809568 -0.4639476 -1.409436 -0.1742303 0.7357352 -0.5228584 5.479233 0.1028872 -0.1594512 0.364422 0.2037667 -0.6526234 -0.03119055 -1.120797 -1.994754 -0.303942 -0.9351565 -0.3105859 -1.255401 -3.136881 3.324787 2.251344 0.3766031 -6.063317 1.801103 0.1361114 -1.09523 1.999284 -0.3881396 1.928113 0.9128913 2.478565 -0.136561 -2.185894 1.89362 -1.164305 -1.617792 1.856382 
  -3.288809 -1.574495 -1.012619 0.8656233 -3.987072 -0.001941636 0.411659 -0.3964019 4.150313 0.6657645 0.2092199 -1.962742 0.8046539 -0.72303 -0.08773097 -0.03756659 -0.08296138 -1.077076 -1.574616 -0.1206796 -0.8967514 -2.023216 2.014687 -3.073972 0.2927177 -2.143495 1.205338 0.1064068 -1.285883 -2.673583 1.750726 -1.581787 1.175346 4.536045 -1.206408 0.0945802 2.922944 -1.648605 -0.554014 0.1941247 
  -3.45658 -0.7545722 -0.7999206 1.672109 -5.083846 -0.05394937 0.8299309 -0.1356604 0.3699892 0.8077896 -0.1972776 1.812593 -1.099635 -1.968992 -0.2269388 0.9422088 1.24993 -1.371587 0.8309876 -0.2151285 -0.569497 0.3388428 -1.64861 -4.766926 0.3161823 4.532404 1.389934 0.2687608 -1.866287 -4.177586 1.744159 -3.535548 0.531911 3.192984 -0.08432881 0.5954641 2.265721 -1.255555 1.501711 -0.845561 
  -1.995116 0.4693211 -0.2347396 2.105327 -1.920848 -0.0473074 1.695285 -0.1871635 -1.094153 0.3285363 0.07442565 3.62334 -4.472258 -1.175365 -1.073056 0.6211231 1.376661 -1.594037 5.864494 -0.121002 -0.2946028 2.735676 -2.126141 0.322316 -0.2963561 3.318462 2.162941 0.342996 -1.039247 0.2523612 -1.789362 -1.229681 -0.0141513 -3.669176 0.5929869 0.4620011 0.8725569 -1.171274 2.566811 2.025048 
  -2.013014 0.7400207 -0.02602753 0.8024057 2.316767 0.07543543 1.058167 -0.3280922 -0.8332454 0.6642041 0.3721033 -0.9837488 -1.035091 2.690191 -1.193968 1.948291 1.335516 -0.2516356 1.944507 -0.3880752 -0.09132949 3.247445 3.640484 -0.562815 -0.3347337 -2.352038 0.2596257 1.297928 -1.753009 3.285638 -3.342613 0.7905247 -0.1002559 -5.31157 1.576252 1.269751 -2.623268 -1.057631 -0.4017325 -0.2103968 
  -2.070389 0.9478317 -0.3114631 2.22068 3.865291 0.2345596 1.045011 -0.5984051 1.239134 1.180823 0.4764002 -5.349918 -0.2036842 6.251208 -1.31558 2.0253 0.5094298 -0.01750959 -2.419832 -0.5452563 -0.2335566 1.94881 0.7463373 1.261658 -1.148374 -2.426255 -0.5406269 1.162817 -1.751097 2.953435 0.8901162 1.505813 -0.3636976 2.900427 1.337324 -1.546842 -2.379816 -0.9290398 -3.211208 -1.353717 
  -1.668375 1.503202 -0.05666912 0.3909445 0.1757549 0.1832965 0.4940167 -1.03688 2.277331 2.07295 1.058745 -4.336825 0.5493624 0.3153949 -1.438164 1.267777 -1.560284 0.2703151 -1.930642 -0.9948779 -0.5546829 0.6876085 0.03513818 1.249596 -2.41149 2.833223 -1.685245 0.5794113 -1.48998 -0.007304627 0.9416522 0.7780024 0.924009 2.131953 0.8827218 -1.309342 -1.850017 -1.353377 -1.389155 -2.098357 
  0.1026902 1.67179 -0.3016795 -0.9923428 -0.9825935 0.442638 -0.08144524 -1.186194 2.025102 2.128267 0.9598511 -1.268605 -0.24854 -1.866238 -1.278628 0.01302512 -2.193359 1.041894 -0.5470103 -1.498069 -1.078324 -0.5400987 -0.3346299 -1.003173 -2.227126 6.259443 -0.187656 0.1152092 -2.044967 -0.7040585 1.130587 0.2948255 0.2640513 -2.159842 1.894728 -0.2048186 -0.2157386 -0.6048911 -0.4671833 -1.671637 
  2.028573 2.031977 -0.4829406 -0.5569506 3.129047 0.4833528 -0.1336956 -1.163667 1.327721 2.032838 1.35166 0.2368303 -1.00131 -0.7060665 -1.086914 -0.5204647 -2.008518 0.8887815 2.454157 -1.841934 -1.34265 -0.9696053 -0.7917213 -1.19125 -1.641752 3.190986 0.9064655 0.1570351 -1.811601 -0.2928872 1.490595 -0.03526316 -1.285488 -3.090672 1.525811 -0.2310584 1.345407 -0.489481 -0.3272996 0.05104288 
  2.413979 2.223963 -0.7391714 0.5988258 4.343102 0.4611186 -0.948483 -0.9528018 1.146166 1.659577 1.033394 -0.2287997 -0.1376592 1.115929 -1.0789 0.3036465 -0.8989644 0.6814358 2.348679 -2.198707 -1.171722 -1.515186 1.027699 -1.142196 0.1309349 -0.2996373 1.214242 -0.2476023 -1.223874 0.01296991 0.5098609 -0.6187075 -2.590862 -0.6674699 1.345188 1.637408 2.419116 -1.013673 0.08124135 -0.1203194 
  2.625042 2.459277 -0.6187547 3.568727 2.840584 0.3323471 -0.8947477 -0.6896151 0.8419979 2.126626 0.6142164 -0.1126041 0.05996858 0.7733709 -0.6035519 0.5898864 1.055059 0.8398223 0.6966214 -2.545851 -1.432594 0.1915042 0.9036832 -0.3093888 0.404479 -0.4926472 0.0947841 -0.2279231 -1.293513 -1.117567 -1.169562 -0.3498949 -1.13488 1.028536 1.64535 -0.3278714 1.529314 -0.7667864 0.8706405 1.986488 
  2.532954 2.924447 -0.8195847 2.251976 -0.6163449 -0.1131241 -1.20929 -0.3188872 0.513256 2.108957 0.279743 -0.1508923 -0.06290615 0.861021 -0.7945502 1.624665 1.184915 0.07268173 0.03593259 -2.263443 -1.549049 0.1200364 0.5383583 -0.6258485 0.8074136 -0.01018186 0.7347787 -0.1201262 -0.9312006 -0.9976526 0.01527473 0.1032641 0.06135967 -0.7010491 2.121222 -0.290891 -0.4658913 -0.8852587 1.971874 1.29219 
  2.516639 3.236002 -0.7581062 0.7578033 -0.8257769 -0.5070354 -1.335382 -0.1117667 0.3452798 2.512686 -0.5779328 -0.1920028 0.03566051 0.4267849 -0.9168537 2.189228 1.638875 -0.9927385 0.4494377 -2.292136 -1.719197 1.293087 -0.157377 -0.06736054 1.00055 0.1259353 0.1869784 -0.6830786 -0.5220177 -0.9920144 0.6244333 0.2468572 1.112594 -0.2505569 1.701973 -0.5539378 -1.165707 -1.122302 0.6381537 0.004728463 
  2.553899 3.342092 -0.8086822 0.3304831 -0.6218134 -0.6996986 -0.5891218 0.1420719 0.2200697 2.794901 -0.8062983 -0.4743097 0.4838675 -0.3296313 -1.382699 2.199586 0.7461195 -0.3452491 0.4131656 -2.323499 -1.685272 1.012944 0.1162828 0.03053566 0.8554981 -0.04067215 0.594031 -1.469141 -0.5324549 -0.7132474 -0.1138076 -0.02504545 0.5176084 -0.109669 1.214952 -0.9948758 -0.5501449 -0.5121537 -0.3141327 -0.1733555 
  2.58099 3.477028 -0.8998171 0.1766599 -0.6938005 -0.9553438 -0.6350622 0.1610963 0.04254285 3.068323 -0.5984934 -0.5484463 0.3597026 0.1751679 -1.683373 1.734813 0.04627249 -0.58184 -0.2093884 -2.187524 -1.773229 0.8389868 -0.4111275 -0.2996491 0.5400565 -0.1995109 0.3925349 -1.546069 -0.6322957 -0.4633363 0.03334019 -0.2508932 0.7942248 0.04788344 0.8360164 0.2523831 -0.2159678 -0.2165921 -0.2786357 -0.3798706 
  2.592302 3.483294 -0.7845372 -0.01750377 -0.6225754 -1.188755 -0.331227 0.1686618 -0.09896678 3.339486 -0.3465047 -0.4098834 0.6939459 -0.0006676391 -1.831097 1.065709 -0.3766459 -0.1200055 -0.2500628 -2.036364 -1.782769 0.5284467 -0.4945108 -0.3130621 -0.1223251 -0.1599962 0.02332083 -1.052516 -0.7148608 -0.1775731 -0.4149658 -0.2665709 1.236831 0.3587375 0.6653008 0.2482467 0.3758823 0.01588066 0.3425003 0.4754453 
  2.607725 3.451591 -0.7031215 -0.2919836 -0.6871607 -1.503821 -0.02687226 0.3035769 -0.2503367 3.467896 -0.4661279 -0.4348808 0.3007045 -0.1370554 -1.813377 0.5159011 -0.3622129 -0.1773588 0.02836175 -1.936611 -1.553433 -0.05707248 -0.584367 -0.01991829 -0.4182554 0.008701861 -0.3011053 -0.4244426 -0.4431905 -0.1230743 -0.6372903 -0.2253909 0.8002099 0.2761975 0.263954 0.2692707 0.4916103 -0.1111121 -0.2522105 1.695848 
  2.553678 3.410255 -0.6687551 -0.565283 -0.7176405 -1.751558 0.3066894 0.3777814 -0.6379874 3.592554 -0.5068208 -0.6104797 0.3935134 0.1338241 -1.495747 -0.2375598 -0.6457465 -0.2361504 -0.06825869 -1.73423 -1.183804 -0.5216036 -0.3118449 -0.1132996 -0.5334205 -0.09975552 -0.4894242 0.04093721 -0.3189618 -0.3511134 -0.5207847 -0.3288763 0.5027238 -0.05226441 0.01235921 0.2930104 -0.1187066 -0.4058232 -0.1471443 1.520402 
  2.511958 3.29786 -0.5760642 -0.7358056 -0.6068556 -1.81172 0.5659149 0.3217894 -1.1076 3.542571 -0.7266129 -0.9437957 0.789122 0.09232876 -0.9955983 -0.7946373 -1.023297 -0.277877 -0.3422845 -1.609698 -0.7580323 -0.7799668 0.003518933 -0.1104233 -0.1683613 -0.1545807 -0.6600341 0.04572909 -0.5727583 -0.7390054 -0.5104707 -0.6000131 -0.1863288 0.03412458 0.1306785 0.3881488 -0.8454637 -0.5633504 0.1359785 0.9781115 
  2.542485 2.979922 -0.3333049 -0.8547099 -0.5192533 -1.605071 0.6548001 0.2291866 -1.514918 3.323378 -1.324366 -0.9250823 1.589642 -0.2886852 -0.348326 -1.398356 -1.513672 0.4890414 -0.3223342 -1.43577 -0.3118497 -0.7099605 -0.08250567 0.2769729 0.5444645 -0.3108921 -0.721732 0.6534132 -0.8224456 -0.772669 -0.4595141 -0.8135515 -0.08213759 0.01651073 0.423993 1.130626 -0.7210856 -0.4831338 -0.1834568 0.8982186 
  2.51091 2.455014 -0.2150105 -1.023697 -0.723534 -1.525432 0.3447615 0.2859406 -1.5036 3.096693 -1.728082 -0.1529583 1.559967 -0.2267496 0.2092359 -1.30308 -1.368666 0.8636093 -0.4855843 -0.9941887 -0.003061767 -1.377666 -0.7535305 0.8554098 1.162377 -0.08979394 -0.07881725 0.347946 -0.8428975 -0.8524764 0.0966299 -1.312548 -0.2945991 -0.3602005 0.1184247 0.5444583 -0.07339673 -0.8111339 -1.023818 0.8708853 
  2.212884 1.978544 0.1333366 -1.143151 -0.4903295 -1.513308 0.01974068 0.2939404 -0.6572223 2.873025 -1.216503 2.259093 3.358763 -0.6448714 0.5661442 -1.608107 -1.6247 0.1858395 -0.8463242 -0.6200315 0.1365782 -1.474216 -0.1938137 0.9695692 0.7165292 -0.2297082 1.026099 0.3946511 -0.4781455 -0.1598742 -0.1518086 -1.508695 -0.1412746 -0.4884072 -0.744072 -1.086048 0.5936444 -1.388289 0.3149072 0.5613444 
  1.799561 1.600122 0.7506839 -1.255345 -0.5107412 -0.9599865 -0.2484313 0.2044528 -0.381873 2.212466 -0.7525336 5.186189 4.126565 -0.5113298 0.5739649 -2.096254 -0.8030145 -0.4597694 -0.8562233 -0.4631651 0.3791263 -1.134069 -1.233577 0.2793437 0.2421664 -1.034391 1.66286 1.004043 -0.7212088 1.042143 -0.008771743 -0.08925635 0.07210756 0.02024638 -0.4007664 -0.6764151 1.979208 -1.403684 1.078191 -0.01202844 
  0.6674103 1.577329 1.634446 -1.328301 -0.7935215 -0.7029975 -0.5388752 0.272444 1.247527 1.795287 -0.7594596 4.298319 1.732245 -0.5763385 0.567252 -2.208303 0.4309573 -0.9305029 0.1412383 0.01293989 0.3866285 -0.6249796 -3.414853 0.2067238 -0.6058441 -3.231512 1.263193 1.081782 -0.8140892 0.8602899 -0.03203588 0.4465922 0.4816543 0.2091116 -0.4425083 0.6795838 1.293515 -1.649453 0.3262453 -0.3155807 
  -1.068479 1.527338 2.513158 -0.7904175 -1.599014 -0.4923388 -0.4946316 -0.1490112 0.1259163 1.262348 -0.2732901 4.489335 0.3760571 -0.1276156 0.4045138 -2.241025 0.5480524 -0.4606257 -0.2651789 -0.1051174 0.2076014 1.147828 -2.226361 -0.9715658 -0.5907351 -3.084049 0.01326055 0.9686446 -0.8803503 -0.5200418 -2.268617 1.341703 -0.5947797 2.064451 -1.065038 0.7117504 0.09668058 -1.49317 0.6225898 -1.800345 
  -2.579071 1.15461 3.551654 -0.7132853 -2.803065 -0.08222242 0.1196899 -0.647078 -0.07322516 0.5938417 0.2755246 2.871109 0.06579351 0.3329976 0.03417509 -1.444379 0.3654326 -0.6037712 -0.2002192 -0.3513478 0.543803 1.619406 -0.1392845 -0.585669 0.0391588 -2.421419 -0.5937018 0.7892227 -0.3966189 -1.013813 -3.36686 2.522307 -1.137489 2.012351 -0.6127465 -1.129943 1.299203 -1.103314 0.4878455 -1.143826 
  -3.600806 0.9555458 4.245519 -1.191912 -3.254266 0.1076349 0.2669381 -0.6388149 -0.5491044 0.3762817 0.3445354 0.8236731 -0.2856549 2.137641 -0.1362993 -0.4509935 0.4440592 -0.4549929 1.173723 -0.004589155 0.2781658 -0.562597 0.1435764 0.2059574 -0.02612163 -1.895904 0.6183317 0.306829 -0.2747661 -1.832905 -0.5671573 2.403475 -0.7307479 0.3313481 0.2196238 -0.3434735 0.371259 -1.129926 -1.326144 -0.447344 
  -4.801556 0.6084329 4.893381 -0.6188193 -2.320548 -0.0256118 -0.1043408 -0.7414522 -0.8591587 0.07138698 0.03996375 0.8599876 0.8272724 1.398043 -0.2539864 0.1654297 0.8476503 -0.06611601 -0.2709061 0.08306242 0.0750418 -1.28209 0.0964901 -0.03890555 0.9481381 -0.217102 1.451484 -0.7891278 0.4081917 -2.527763 0.5122885 1.511456 -0.5462822 0.8462237 -0.3112634 1.458753 -0.5003468 -1.631452 -1.430918 -0.3391001 
  -4.735445 0.2976323 5.107874 0.06018577 0.1074848 0.1508954 -0.1306507 -1.044658 -0.1313144 -0.07911505 -0.2148896 1.319526 0.03729572 -0.3175364 -0.6011761 -0.01117551 0.5292895 0.6340524 -0.6331297 -0.03279864 0.3255908 -0.5501556 -0.4673985 0.7391284 0.3649454 0.4210838 0.8132998 -0.4222343 0.7098419 -0.2961925 -0.1830996 1.089216 0.638864 -0.4380585 0.2826369 0.8179537 0.6176104 -0.9599096 0.3422476 -0.7702821 
  -4.66629 0.09843293 5.306321 -1.355271 0.3545458 0.1348249 -0.2103176 -1.127613 0.2241679 0.08768809 -0.6612111 1.617562 0.1258835 -0.4263825 -0.4485415 0.06502806 0.2101305 0.8020871 -0.2094509 0.1966869 0.1250922 0.5336789 -0.3650499 0.1331591 -0.1669776 0.1866743 -0.8214997 0.04712335 0.5725926 -0.8194729 0.4431545 1.109493 1.489398 -1.446744 0.5926553 -0.6503782 -0.59169 -0.6911099 1.626545 -0.1631485 
  -4.723348 0.2572622 5.271368 -0.9377366 1.937604 0.2738248 -0.4487906 -1.131179 0.8241848 -0.09152466 -1.206702 1.320933 -0.3947279 -0.09480698 0.03011624 -0.4447294 -0.3221332 0.1693463 -0.405078 -0.08644646 -0.0270526 1.382618 -0.208883 -0.183957 -0.1965491 0.08305046 -0.8067347 0.4881934 0.6753361 -0.0534293 0.1903259 0.8831969 0.7409528 0.8862623 0.4793138 -0.877177 -0.7905115 -0.3627925 -0.283636 0.3386464 
  -4.787578 0.3077515 5.139283 -0.4498947 2.007118 0.2289707 -1.017612 -0.7866825 0.8815602 -0.1399687 -0.5478061 0.7986416 -0.04316442 -0.8780784 -0.09924204 -0.09609297 -1.567063 -0.7296688 0.27036 -0.36399 0.1793757 0.971499 0.6834994 -0.5244958 -0.4838306 0.1111659 -0.4977136 0.726816 0.8866546 0.6791801 -0.07297082 0.1430124 -0.5749915 0.5405354 0.3923991 0.6042616 -0.2036701 -0.3252729 -1.530854 -0.6979122 
  -4.906748 0.506283 4.97554 0.03691404 0.8150305 0.4167306 -0.6604479 -0.6841483 0.124811 -0.07853726 0.750575 0.4401727 -1.224097 -0.1769084 0.1392187 -0.3249264 -1.527642 -0.4213174 0.7643936 -0.2358409 -0.2263167 -0.1753367 -0.1314581 -0.8130205 -0.509102 0.5877244 0.04959596 1.200428 1.112974 0.2627356 0.8396642 -0.5132688 -0.004690888 -0.3486337 0.2981544 0.1481107 0.1595435 -0.5117351 -0.2625906 -0.7742987 
  -4.626886 0.2795872 4.591157 0.1588652 2.093026 0.2163492 -0.3423109 -0.4217533 0.1334926 -0.3246759 0.8877775 -5.344619 -1.873364 -0.3186528 0.4649836 0.1902163 -0.8166777 -0.5365911 0.7906772 -0.260522 -0.2510625 -1.494086 -0.1023838 -1.104883 -0.2416975 -1.100886 0.6674559 -0.1803552 0.386862 0.222861 -0.08583782 -1.945984 -0.8618093 -1.411307 0.1741545 -0.7263852 -0.3731574 -0.3209473 -0.6628622 0.5050266 
  -3.493999 0.5926434 4.099912 0.2476929 1.874612 0.5836385 0.2278579 -0.820689 1.080704 -0.5599957 0.9581189 -5.643515 -3.31615 0.85913 0.6222323 0.3172716 -0.045336 -1.304074 0.08211929 -0.3803406 -0.1532633 -1.681068 -0.472638 1.456753 0.5450423 2.064536 -0.2613572 -1.076286 0.5873756 0.7926724 0.17694 -2.344367 -0.8467896 0.7008961 -0.2347163 0.1809021 0.04086783 -0.207229 1.31579 0.9494472 
  -1.613582 0.6670015 3.288223 0.2009093 2.263409 0.4231018 0.4927446 -0.670114 1.125511 -0.4145716 0.1360542 -3.223199 -1.778206 0.100984 0.6757228 0.3019351 1.372272 -0.4680654 -1.542116 0.05037507 -0.2282966 -1.102129 2.829145 0.8618706 0.7128146 6.087142 -0.06806256 -0.7392409 0.2649293 1.186715 -0.5649866 -1.962331 0.3368724 0.5188017 -0.5511538 1.413042 -0.1274572 -0.5982713 0.3321019 0.782258 
  0.8574427 0.5736171 2.401073 -1.380409 3.340679 -0.02127501 0.9531106 -0.5146725 0.4718123 -0.3886893 -0.7809426 -0.5938778 -0.6890736 0.2074393 0.6401679 0.622988 1.212063 -0.07919274 -0.3013454 0.608107 0.177037 -0.2791529 3.670888 -1.843981 0.2327693 5.753219 0.001520003 -0.4513651 0.5202064 2.134728 2.983332 -0.6871402 1.274897 -3.760438 -0.4512176 -0.09455565 0.001696805 -0.9980007 -0.5661814 1.369571 
  2.022598 0.7764751 1.679021 0.321881 5.536814 -0.268248 0.9081339 -0.4688323 -0.3907147 0.06246084 -1.027604 -0.7363601 0.3925361 0.1790096 0.8162218 0.1074108 0.702428 0.1395199 2.020027 0.968899 0.4211145 1.363369 0.3771983 -1.186889 -0.3698659 1.386496 -0.4991092 -0.6880358 0.2401448 0.8036146 5.041356 -0.700332 1.129015 -1.24527 -1.019635 -1.516525 -0.5167555 -1.303171 0.5937034 1.611722 
  2.363841 1.031768 1.082655 2.108427 5.631601 -0.433183 0.2564544 -0.2543196 -0.4207146 0.1942865 -0.7489878 -0.9723136 1.667486 -2.283277 1.090335 0.3086229 -0.4878893 0.06068008 1.795723 1.042744 0.7488075 1.946458 0.3941613 0.3422001 -0.490471 -0.6596781 -0.243175 -0.6984366 -0.1114748 0.4178031 0.1134123 -0.7158463 0.5551029 0.2871275 -0.9131838 0.002739627 -2.266903 -1.569239 1.40476 -0.3036396 
  2.577807 0.9990774 0.5616834 3.366786 1.445391 -0.5614352 0.2596337 -0.3597732 -1.053011 0.3324347 -0.2504326 -0.6572852 1.120447 -1.746663 1.13731 0.5284519 -0.350643 -0.5674267 -0.974611 1.64455 0.8087591 0.5217812 -0.9222733 0.8933116 -0.8091009 0.01366313 -1.08617 0.1546098 -1.014755 -0.4931413 -1.423957 -0.8039927 -0.1500743 -0.07803819 -0.2557078 -0.499804 -1.720806 -1.108803 -1.763082 -0.3301981 
  2.443798 0.8617309 0.5304043 0.151647 -0.7606932 -0.6524428 -0.4979866 -0.3444658 -0.905046 0.1350379 -0.08162557 0.3269962 3.66625 -0.007290204 1.044481 0.04123791 -0.8453827 0.4534047 -1.112916 1.567307 0.4351732 -0.3774933 0.04400485 0.2294628 -0.2452929 -0.04385789 -0.5008694 -0.2708909 -0.858518 0.2735607 -0.3800675 -1.457836 -0.5512679 -0.3328984 -0.4599287 0.5374194 0.09624879 -1.185928 -2.370179 -0.8873296 
  2.2786 0.5271007 1.117215 -0.5204401 -0.5394241 -0.3324426 -0.2498266 -0.3971192 -0.8779601 0.1236236 0.4473685 2.650635 4.64722 0.117004 0.8728044 0.2672687 -1.044148 1.090732 -0.7911736 1.384419 0.4165736 -2.034415 -1.278 0.248506 -0.1183121 -0.1155082 -0.4432878 0.03548953 -1.279158 -0.0745967 -0.1119511 -1.468444 -0.4502378 0.1491277 -0.382321 -0.4040378 1.807858 -1.048636 0.1034983 -0.592301 
  1.778321 0.2417478 1.627866 -0.968246 -0.9047645 -0.2521444 0.03898999 -0.4855976 -0.9129313 0.3419413 0.6273275 5.556809 1.720787 -0.126881 0.7016397 0.832611 -0.5174877 -0.3699011 -0.2483258 1.178536 0.5008636 -1.325611 -3.842088 0.8028879 0.01549391 -0.9214553 -0.1418495 0.7472217 -1.126439 -0.2012939 -0.1040799 -0.7555704 -0.09363989 -0.04537681 -0.3966347 -1.116885 2.416471 -1.48766 2.021981 -1.143234 
  0.6949082 0.2353962 2.478647 -1.339728 -0.9050849 -0.1344529 -0.4826319 -0.5359381 -0.5290147 0.2521116 0.07825686 7.242856 0.1141272 -0.3302147 0.7226171 0.4327843 0.3848289 -0.09950822 -0.2346193 0.8692816 0.00608506 -0.2685546 -2.325924 0.5025796 -0.2295967 -2.336196 1.743473 0.4076056 -1.606187 0.9062583 -2.375249 1.448377 -0.03495339 0.613079 0.5021666 0.7539668 0.620871 -1.274862 1.600561 -1.404063 
  -1.136311 0.1979245 3.283721 -1.17187 -1.732504 0.07302159 -0.4641646 -0.3625089 -0.5976687 0.4879954 -0.5573977 5.568832 -0.7145563 0.0002225442 0.7022794 -0.2994689 1.244349 0.7283202 -0.6262807 0.7775001 -0.01125623 0.3492624 0.5100228 -0.4816392 -0.4860211 -4.466895 1.598276 0.508305 -1.416308 1.21215 -3.262948 4.030427 -0.5127394 1.063686 1.068268 1.454195 -0.6092443 -0.9770132 -1.349092 -0.6464131 
  -3.47004 -0.3892854 3.783087 -1.20935 -3.048884 0.430451 -0.6294918 -0.514446 -0.6045591 0.7613161 -0.2466172 1.379944 -0.01324374 1.606125 -0.04586941 -0.3707763 1.488982 0.6988446 0.05182639 0.9408934 0.1419707 0.006690142 0.5541484 -0.005233248 0.4063762 -5.444025 -0.5729908 0.6552869 -0.8463371 -0.2814713 -0.535078 4.497668 -0.3314382 2.456797 1.286222 -0.02159056 1.327506 -0.9993979 -1.443617 -0.9519448 
  -5.489577 -0.3696316 4.192361 -0.3264064 -4.380496 0.3335364 -0.7033841 -0.3328292 -0.7104567 0.6806746 -0.2356882 0.7241509 -0.07125306 -0.03621147 -0.05581892 0.2847008 0.3848502 0.7138247 -0.1448239 0.7094778 -0.4683567 -0.3545404 0.3303628 0.8151861 0.463589 -1.739617 -0.006460319 0.08405782 -0.8171089 -3.194504 0.3838392 2.049301 -0.7788296 2.621629 1.396696 -1.624779 -0.8613814 -0.7010554 0.05166161 -0.3234532 
  -5.961114 -0.4212245 4.37826 -0.1156543 -3.280764 0.4755926 -0.6223821 -0.3797419 -0.09080704 0.3924065 -0.0703748 1.353161 -0.4069975 -1.755692 -0.02297675 -0.8846029 -0.3136687 -0.5181246 -1.002659 0.3965681 -0.3696458 0.5208378 -0.1531427 0.5008245 0.3477722 0.3876813 -0.1843657 0.6502001 -0.4711689 -2.017359 -0.4656369 1.769982 0.1923106 -0.4639032 2.337437 -0.6266638 -0.4817038 -0.2357861 1.021034 0.6793033 
  -5.907083 -0.4361265 4.445451 -1.337057 -0.7646372 0.0821718 -0.9771605 0.03148987 -0.329183 0.4601812 -0.2091808 1.698022 -0.2405302 -0.8605248 0.2494106 -0.9017332 -0.9444059 -1.725456 -0.08162685 0.3860185 -0.512886 -0.1562158 -0.1418123 -0.3998927 0.2544099 0.6405983 0.2480477 -0.7609256 -0.1031638 -0.8250554 0.9098409 1.12932 0.6776017 -1.553687 2.655961 1.282731 -1.711082 -0.7877532 -0.2567995 0.8535804 
  -6.015579 -0.6374028 4.134022 -1.037704 1.720007 -0.02450676 -0.00667857 -0.1681734 -0.003398824 0.1575029 0.4615262 0.8524216 -0.193277 -0.4959034 0.2379245 -0.8099513 -0.6974463 -0.8623614 0.5123243 0.3695118 -0.7228561 -0.6227793 -0.4310231 0.07602105 0.8076752 0.5668123 0.6880803 -0.6101629 -0.03802892 0.4578602 0.9659425 0.3078476 -0.1026207 0.4430772 2.350969 -0.4367725 -0.1268464 -0.1510601 -1.514217 0.3467679 
  -6.03957 -1.074358 4.131994 -0.3324822 2.590858 -0.05344012 0.4623383 -0.3008875 -0.6190716 0.119692 0.6212464 0.6684103 1.078484 -0.162599 0.1666726 -0.09434676 -0.1080465 -0.2465313 0.3877631 0.3341208 -0.3602711 -0.4817305 0.2550561 -0.1853566 0.6371704 0.2345811 -0.9516809 -0.6657687 -0.2973281 0.04371125 -0.1085057 -0.3265076 0.4707019 -0.3031007 2.208802 -0.805476 1.361188 0.001485057 -1.234157 -0.1050589 
  -5.929899 -1.156226 4.038439 0.1122011 1.65113 -0.05929382 0.2252558 -0.3844181 -0.4529434 0.2214454 0.7491908 1.343923 0.8149958 -0.1410913 -0.04809241 -0.1380395 -0.6233527 -0.09993745 0.2831555 0.2468711 -0.4362621 -0.336009 -0.2951598 -0.1875506 0.2004263 0.8575428 0.05083407 -0.007536839 -0.2765117 0.8328197 0.2601838 -1.152486 0.746343 -1.038445 2.315776 1.064294 2.074576 0.4027372 1.555594 0.04612629 
  -5.625303 -1.040142 4.017475 -0.2521591 2.683748 -0.3614068 0.8936532 -0.2110743 0.3469621 0.5683245 0.3908901 1.258982 -0.1546742 0.4409879 0.1889237 0.00517121 0.112549 -0.3539188 0.2234636 0.029849 -0.3430529 0.3439186 -1.297336 0.7551024 -0.002960888 0.1570923 -0.1812283 1.3637 -0.08631528 -0.1364347 -0.3190815 -0.4880099 1.164646 -0.3497457 1.747734 0.5337851 -0.08235178 -0.189005 0.2551764 0.7280791 
  -5.38479 -1.05129 4.038307 -0.749481 2.05329 -0.1256278 1.280727 -0.9426954 1.486374 0.08798049 0.6215326 1.414879 -0.2906334 0.7510331 -0.01929244 -0.2831719 -0.2696061 -1.806198 -0.1858911 -0.009866573 0.3299976 0.1580133 -0.5579149 0.3725165 0.07908224 0.3869845 -1.341395 1.114271 0.9867098 2.975731 -0.2940228 1.012441 0.1670976 -0.7108155 1.023877 -0.819703 0.1972666 0.2136668 1.380576 1.786318 
  -5.4987 -0.7167425 4.110502 -0.5755258 2.515677 0.0007726029 1.643846 -1.105443 1.215063 0.1092708 0.8585807 0.3344585 1.254404 0.4082755 -0.088061 -1.118911 0.129031 -1.589951 -0.2437542 0.1467047 0.4602051 -0.8075738 0.7582189 -1.635035 -0.005687661 0.09461678 -0.6725368 1.850338 0.3655939 1.853178 -0.64496 0.8689158 0.04983833 0.2821299 1.119133 -0.7436489 -1.463176 0.09077743 0.004335301 0.736005 
  -5.402264 -0.4437685 4.303947 -0.06125841 1.829218 0.1059246 1.730954 -1.067894 -0.3973808 0.2632143 0.5512938 1.942816 1.316352 0.8538049 -0.2048222 -1.33701 -0.3553824 -0.9713295 1.420936 -0.3473612 0.9849156 -0.342087 -0.8004446 -1.616291 -0.6856166 1.625336 0.8098755 0.6964359 0.9132954 0.8012524 1.069524 0.1628772 -0.3083982 1.125922 1.256431 0.2484217 -0.9481083 -0.3864987 -0.4556737 -0.2644605 
  -5.355612 0.003782853 4.682474 1.425944 2.047997 -0.05168566 1.091234 -1.091993 0.1102405 0.3968323 0.6707178 2.284369 0.522391 0.5937231 -0.02068652 -1.430818 -0.7168785 0.7607884 1.687624 -0.585603 0.9535351 0.9499642 -1.365305 0.6601467 -1.532288 1.492353 0.8054217 0.01406476 0.9323567 -0.3804472 0.2289707 -0.8267249 0.1679811 -0.009865008 1.212416 0.3369662 -1.156184 -0.7686759 0.1296893 -0.4554535 
  -5.214658 0.1066904 5.319897 1.148201 2.425226 0.004032232 0.6646602 -1.379976 0.290645 -0.064899 0.7710057 2.725298 0.336006 0.4986323 -0.07476683 -1.243096 -0.635433 1.02103 0.3700618 -0.6425787 0.9382696 0.8522488 0.04192954 0.5995917 -1.543167 0.03247737 0.190745 0.06225383 1.414494 0.5800883 -1.669276 0.384169 -0.4138218 -2.67281 1.481885 -0.466358 0.05033071 -1.029732 -0.9030775 0.4673831 
  -5.31762 0.3531345 5.635593 0.8659096 2.523428 0.2862857 -0.08756378 -1.478796 -0.6097238 -0.006508641 0.7924429 2.857843 0.5423236 1.709403 0.01495399 -0.3274845 0.09995639 1.051745 -0.9866349 -0.6911914 0.9277798 -0.05181983 0.03147634 -0.4830723 -0.9948126 -0.3134401 -1.76168 0.05983125 0.8535802 0.06651109 -0.4865023 0.5484214 -0.9024376 0.07124534 2.292591 -0.7815329 0.5279139 -0.602841 -1.269547 0.6372328 
  -5.66391 0.6361184 5.655107 -0.6948823 2.028569 0.1121913 -0.8030466 -1.336846 0.1252485 -0.07581434 0.1376261 1.594423 0.5465037 1.104931 -0.03637501 1.03806 0.147857 -0.3948276 0.4900948 -0.6154066 0.6830944 -1.950294 -0.1942418 0.1923882 -0.4591155 -0.7837441 -1.172175 -0.4555457 1.045811 0.6310242 0.5992697 0.04692901 -1.291853 1.079745 2.189067 -0.1657618 0.4443095 -0.9759553 -1.44572 -1.636146 
  -6.361891 0.7931793 5.83497 -0.2967436 0.7615254 0.07184877 -0.4297852 -1.406457 0.03854535 0.2990178 0.03157704 1.162275 0.4124351 -0.5125365 0.111718 0.8292873 -0.14996 -0.08948405 0.2789791 -0.7133191 -0.0449422 -1.556612 0.2083452 -0.3086323 -0.09287792 -0.8243614 0.03714559 -0.9953774 0.7757736 -0.2344202 0.009131934 -1.443913 -0.598369 -0.7997696 2.014777 -0.3977478 -0.2812345 -1.078095 1.174677 -1.333995 
  -6.579307 0.9729732 5.836313 -0.09189436 1.365054 -0.179623 -0.2002025 -1.277237 0.3860931 0.4931881 -0.2976004 0.7378089 0.8635138 -0.4422025 0.4110748 0.08996166 -0.1040058 -0.7493727 -0.3796265 -0.6447719 -0.4978293 -0.8984494 -0.2741679 -0.5823683 -0.1149778 -0.192394 0.8710479 -0.9254605 0.3140461 0.8479283 -0.3987555 -1.968156 0.1930296 0.2143496 2.316051 -0.3070321 -1.025065 -1.074079 1.731829 -0.03751577 
  -6.155623 1.22408 6.102964 -0.4772049 1.608548 -0.2254517 0.1546373 -1.289162 0.03264816 0.5960121 -0.6899821 1.909207 1.02259 0.06371638 0.6168441 -0.4968014 0.1099851 -0.8258934 0.4930915 -0.7641243 -0.7016966 1.570135 -0.8333759 0.2366881 -0.09523456 1.033233 -0.3838518 0.09421599 0.3634119 2.252486 -0.231104 -0.7679132 0.401936 0.4937216 1.973557 -0.1429488 -0.04345494 -1.173245 -0.1783562 0.1280055 
  -6.074355 1.219164 6.292202 -0.8011823 1.544608 -0.2990032 -0.2483617 -1.275654 0.2783187 0.3784294 -0.5316767 1.073088 0.9462869 0.1928231 0.4226214 -0.5470979 0.1573119 -0.4451705 0.2149081 -0.3923701 -0.6369356 0.5672712 -0.7291451 -0.3501381 -0.5640882 1.126889 -0.4583487 -0.1002079 0.2466812 3.937123 -0.06637372 0.194353 0.06908792 -0.8955649 1.8716 0.6038768 1.091323 -1.235568 -1.374657 0.2572351 
  -5.655219 1.206021 6.481286 -0.4171309 3.100434 -0.1812425 0.2846669 -1.602107 0.1918538 0.4516881 0.4293122 1.560191 0.6519467 1.333393 0.4208902 -0.9554015 -0.4012238 -0.2765074 0.02950768 -0.527051 -0.5188981 0.5761483 -1.180806 0.04305945 -0.6457317 0.7521941 -1.183285 0.4423041 0.3105669 2.631105 -0.1764819 2.229347 -0.2641438 -0.2512611 1.456404 -0.6985549 1.200385 -1.108957 0.2424969 -0.1963573 
  -5.826311 1.101671 6.584636 -0.6508244 2.477864 -0.1847183 0.4385107 -1.700905 0.6051301 0.2701364 0.3645194 -0.4821999 0.3726507 0.7534128 0.4938975 -1.084198 -0.1574098 -0.2733546 0.2089857 0.004772678 -0.602124 -1.665644 -0.3917789 -0.2220916 0.008916864 0.1546102 -0.5806947 0.08946904 0.2263735 -0.1819271 -0.451457 1.789219 -0.3084426 -0.5122308 0.929958 -0.5870951 -0.4057652 -1.362365 0.6041948 0.8952523 
  -5.493574 1.111391 6.442231 -0.6551508 2.429912 -0.1600908 0.3714098 -1.510401 0.153216 0.4265443 -0.503889 -0.05277158 -1.219044 0.6542585 0.7294574 -0.4880733 0.2416744 -0.1574358 0.3667002 0.1658062 -0.6059144 -1.931279 -0.1956466 -0.2071829 0.7435771 0.9743532 0.5759938 -0.9901781 0.6549752 -1.909833 0.034172 0.1001811 -0.8508408 -0.3367139 0.2564424 0.7404288 -1.294898 -1.879882 -0.4847758 0.4058959 
  -4.874397 0.6212865 5.658606 -0.8502749 2.047883 -0.4733636 0.538788 -1.697369 1.014433 0.2637141 -0.004835655 -5.625493 -4.252344 0.157225 0.7000441 -0.7167041 0.05770796 -0.2822444 0.2979419 0.2793312 -0.2175992 -0.2089267 -1.052728 -0.4553567 1.917599 -0.1965156 1.060316 -1.064716 0.808325 -0.7888854 0.5997919 -1.534967 -0.594048 -1.91238 0.02435 -0.6234431 0.4117788 -1.640398 0.1974342 -0.4899668 
  -3.298375 0.7240053 4.933619 -0.2895285 2.787 -0.4378752 0.249295 -1.843879 1.55308 -0.05030251 -0.1011722 -4.912418 -5.166986 -0.087304 0.500511 0.005416462 0.381082 0.124268 -0.5515689 0.4903993 0.04497446 1.355703 1.563444 1.075948 3.108586 3.065032 1.447178 -1.605131 1.048986 0.3265359 0.1457064 -1.833934 -0.16539 0.7376806 -0.1419085 0.1015745 1.386026 -1.12219 1.029735 0.7784811 
  -1.355867 0.7690641 3.757485 -0.02599921 3.008178 -0.9836761 -0.3848244 -1.748656 1.025306 -0.3168232 0.786094 -2.400174 -2.473896 -0.110244 0.05386163 0.9532503 0.6493741 0.6045621 -0.8463867 0.9240358 0.09079217 2.186108 5.174407 0.2542211 3.011015 6.65608 1.529333 -0.8279664 0.6617197 0.7061906 0.7369649 -0.5334162 1.055376 0.9415755 -0.2248636 0.7418468 -0.3612628 -0.7211818 1.052606 1.108391 
  1.028577 1.093363 2.321422 -0.1841301 4.621956 -1.303715 -1.402058 -1.609328 0.3944749 -0.3985276 0.8091552 0.09165721 -0.6018624 -0.1107089 -0.2843919 1.231826 0.9148518 0.3353959 0.8331499 0.700397 0.3414737 2.899971 4.949986 -1.561419 2.007599 5.309209 0.6285722 0.0666152 0.05643621 1.614136 5.072252 0.2898294 1.239549 -3.096457 0.03266319 0.2876136 -1.160448 0.277621 -1.931002 0.1568362 
  1.778418 1.458569 1.328735 1.814444 5.448616 -1.937011 -1.856343 -1.060306 0.0914043 -0.3812894 1.7341 -0.3436356 -0.2608549 -0.9026027 -0.6095015 1.930577 0.5402663 0.4004144 2.268923 0.70331 0.3149194 1.897866 -0.01524068 -0.5855914 1.28103 0.7770056 0.1098564 0.4515167 -0.03469023 -0.08650099 6.310213 0.3123223 1.78625 -1.694808 -0.1379323 -1.55457 -2.318613 0.3705476 -0.9747168 0.09049635 
  2.109893 1.908803 0.4548744 3.894228 5.966721 -2.48689 -1.828187 -0.5429319 0.4512718 -0.104941 1.761678 -0.6754134 -0.05564369 -3.783996 -0.79228 1.763268 -0.1099882 0.3524023 0.9857717 0.1113249 0.2722024 0.8243582 -0.05523157 0.7075933 0.3201107 -1.176615 -0.007711725 0.2316472 -0.2149854 -1.185264 -0.5590905 0.06562521 2.361354 0.4839068 0.04535487 -1.644829 -2.424688 0.5085531 -0.1824591 -0.3885024 
  2.281257 2.285504 -0.3867857 3.828907 0.7728799 -3.008793 -2.127053 -0.2082626 -0.03543444 -0.3345689 1.457254 -0.4928983 -0.7272754 -2.428572 -1.037868 1.807756 -0.1779651 -1.067606 -1.329352 -0.5317004 0.4041688 0.0281685 -0.3510079 0.3679944 -0.5184266 0.1570667 -0.690018 -0.2905698 -0.0850618 -0.009038888 -1.416578 -0.1534549 1.019266 0.4509132 0.732101 -0.5984504 -0.5817668 1.473209 -1.016886 0.2651208 
  2.51738 2.902239 -1.02151 0.4146179 -1.06054 -3.249161 -1.22169 0.2607478 -0.1658699 -0.292156 1.379107 -0.4464008 -0.5781882 -0.0470523 -1.35173 1.068669 -0.3094083 -0.7633146 -0.476905 -1.012849 0.3869721 -1.175888 0.5883618 0.3173493 -0.1439387 0.131699 -0.5322681 -0.5276679 0.16257 0.1555715 0.04451922 -0.730193 -0.418376 0.04159638 1.313958 0.2269848 0.5618209 1.897858 -0.04489368 -0.6312225 
  2.659192 3.211035 -1.2276 -0.05185806 -0.6005242 -3.291204 -0.1625125 0.3331593 -0.1010309 -0.2483472 0.5581247 -0.3564844 -0.4767401 -0.09764856 -1.35564 0.8235074 0.6642612 -0.4753886 -0.3362562 -1.218847 0.2619475 -1.883006 0.5397593 0.384234 0.2916773 -0.09727081 -0.7392215 -0.3830544 0.02484866 -0.02070932 0.4066988 -0.693352 -0.8461809 0.3150558 1.29178 0.5094137 0.961079 2.025079 0.5355167 -0.06343184 
  2.6351 3.328288 -1.371911 -0.2019096 -0.459157 -3.249885 0.4491217 0.3740557 0.003211891 0.0002529547 -0.8839077 -0.246657 -0.06060498 -0.4670313 -1.171571 0.6116 1.520694 0.01366476 -0.1797666 -1.046577 0.06858538 -2.302896 0.5809919 0.1228776 0.2430058 -0.1126575 -0.7223149 -0.09822873 -0.1007625 0.1353758 0.5767757 -0.5657417 -0.4287383 0.2045668 1.312114 0.816322 0.2544947 1.883219 0.5290498 -0.1046745 
  2.660218 3.443086 -1.462515 -0.1571061 -0.4303254 -2.808821 0.7604682 0.2307039 0.2493626 0.1044457 -2.77898 -0.2490496 0.07187379 -0.8517181 -1.017236 0.4893113 1.832597 0.3320074 -0.1190572 -0.6080917 0.03402792 -2.395276 0.3944579 0.05034763 0.2111099 -0.1388123 -1.108404 0.5404645 -0.2968432 0.2614847 0.2392592 -0.3036437 -0.1600155 0.2175888 1.090326 0.8666921 0.02491508 1.929724 -0.03883285 -0.2002102 
  2.576025 3.514945 -1.561872 -0.18333 -0.5691981 -2.221599 0.5911618 0.4071895 0.1706124 0.3163619 -4.318361 -0.3684816 0.2745978 -0.8601984 -0.7438902 0.01532182 1.184134 1.322003 -0.07924315 -0.0444583 0.02211631 -1.510051 0.1679212 -0.2970077 -0.07334074 -0.2592145 -0.8625698 1.59663 -0.4260627 0.2576848 -0.0713165 -0.2762154 0.1805406 -0.1026104 0.8632341 0.4094174 -0.2757789 2.004667 0.1587199 -0.9121947 
  2.506351 3.523254 -1.463165 -0.3623854 -0.7378967 -1.359435 -0.158204 0.6784924 0.1263255 0.2014292 -5.066588 -0.5249548 0.7979482 -0.4622658 -0.4023357 -0.4961997 -0.2724312 1.671862 0.02388048 0.4239597 -0.06164579 -0.2380038 -0.02503908 -0.4199997 -0.4186313 -0.3561156 -0.1289077 2.571079 -0.4410324 0.2988383 -0.182775 -0.1634914 -0.1665456 -0.03940929 0.5939359 0.17952 -0.1927157 2.040684 0.8065833 -0.948922 
  2.39606 3.351346 -1.245907 -0.3530302 -0.7473229 -0.5974406 -0.8949504 1.266772 -0.227284 -0.08741643 -4.249222 -0.8514576 1.219061 -0.2931578 -0.008291624 -0.8666479 -1.669237 0.8558981 0.1069273 0.6611378 -0.07688464 0.6606432 -0.5416594 -0.1272997 -0.2686249 -0.3072473 1.483009 2.886466 -0.2747449 -0.04757282 -0.4468081 -0.113986 -1.749218 0.07570349 0.1457659 -0.9682875 -0.1896297 1.878443 0.5768377 -0.1128414 
  2.392037 2.910843 -0.9140844 -0.6677916 -0.7893329 0.2256953 -1.74958 1.788272 -0.5286338 -0.537576 -2.396042 -1.066639 1.845146 0.04610122 0.271981 -1.179059 -1.983415 -0.3906566 0.04857137 0.8415272 -0.1801178 0.6922667 -0.8571875 0.1239494 -0.180038 -0.1226024 2.415424 2.535791 -0.4193708 -0.2302222 -0.643093 -0.06906662 -2.758587 0.05230948 0.1293281 -0.9198326 0.2798678 1.666075 -0.3134352 0.5630711 
  2.483855 2.262137 -0.5348133 -0.9744995 -0.755931 0.681753 -2.026302 2.270465 -0.9544452 -0.94082 -0.165467 -1.308772 1.136036 0.05262036 0.5410848 -1.236177 -1.252774 -1.210827 -0.4424384 0.9815766 -0.3010301 0.3600007 -1.638574 0.1779451 0.09289213 0.05889352 2.741794 1.595453 -0.4208531 -0.5349633 -0.8524404 -0.04358939 -2.597146 -0.5326813 0.1686081 -0.3774963 0.219203 1.209212 -1.122826 1.10942 
  2.703153 1.355962 -0.2184725 -1.697712 -0.557738 0.9101427 -1.9928 2.521274 -1.101114 -1.389941 1.393467 -1.289458 0.5908002 0.1414021 0.3780437 -1.299725 -0.06766896 -0.8171001 -0.5389522 0.9639152 -0.3278071 0.09650114 -1.51397 0.5325961 0.8263385 -0.03821798 1.697523 0.7396153 -0.311349 -0.715673 -1.002492 -0.1707852 -1.631962 -0.5519919 0.1594088 0.9207046 0.6608125 0.9357014 -0.6145523 1.278809 
  2.933026 0.1770142 -0.0864864 -2.115553 -0.4073839 0.9616368 -1.385862 2.636366 -1.467597 -1.6623 1.811903 -1.01467 -0.1741037 0.09102553 0.06616105 -0.8582504 1.205516 0.1660558 -0.5502124 0.6267304 -0.3643968 0.1411614 -0.7482938 0.6041948 1.133663 0.02330742 0.6204129 0.6487486 -0.04818699 -1.064295 -0.8706508 -0.5386633 -0.06302708 -0.4466168 -0.111433 1.278737 1.278982 0.550864 -0.4516159 1.063086 
  3.022681 -1.024221 -0.21798 -2.220152 -0.3539732 0.7910538 -0.08323493 2.342547 -2.878917 -1.560045 1.783392 0.05154962 -0.7409898 0.119643 -0.1162966 -0.09242368 1.526181 -0.6418164 -0.8610471 0.3853537 -0.3137801 -0.2861772 0.04558936 -0.06188303 0.3073088 0.1465361 -1.357358 0.8055561 0.2302208 -1.668282 -0.0338055 -0.9237655 1.296384 -0.1588268 -0.7851912 -0.6514719 0.6659939 -0.1103849 0.5546706 0.6819589 
  2.839609 -2.246691 -0.6499628 -2.233892 -0.2242291 0.5220529 1.615561 1.624978 -3.799737 -1.76717 1.352506 -0.189332 0.3982064 -0.2070521 -0.3410742 -0.04241263 1.257423 -3.066773 -0.4982631 0.3265963 -0.01124628 -1.301331 0.6316107 0.2331828 0.009507838 -1.037403 -1.406699 0.06000864 0.01668702 -0.9565184 0.4981805 -1.018087 1.369291 -0.09199189 -1.02924 -2.29048 -0.1272421 -0.3888245 1.270115 0.9165576 
  2.552822 -2.822696 -1.014617 -1.735985 -0.3717403 0.6093078 2.885014 0.8625241 -2.39507 -1.744948 0.3478889 -0.4880279 1.064427 -1.445994 -0.2870556 -0.3665085 1.010392 -2.786119 -0.2404967 0.472264 0.182002 -1.492771 -0.05967773 2.575996 -0.08671864 -1.757177 -0.005985711 -0.9976128 -0.8125862 0.6508908 0.5850899 -1.186391 1.365327 0.0470588 -0.4234883 0.360445 -1.59052 -0.1167067 1.353036 -0.1978109 
  1.985841 -3.45438 -1.678064 -1.146323 -1.176087 0.2968267 3.7971 0.1393026 -1.26768 -1.487609 -0.03512083 -0.3144465 1.132644 -1.705984 -0.4141016 -0.9086112 0.5213876 -1.187831 -2.125524 0.8605789 0.6057625 0.07902728 -1.081496 2.208724 0.400929 -1.170372 0.9437711 -1.783215 -0.9417996 1.669484 0.561376 -1.025138 0.5654262 0.2401841 -0.8664265 2.09507 -1.194706 -0.3868724 0.5834953 -1.700168 
  1.686717 -4.134134 -1.973254 -1.372082 -1.52948 0.2145407 3.522545 -0.4254566 -0.9513746 -1.326051 -0.3306445 0.5069231 0.7035798 -2.024977 -0.7006637 -1.008843 0.4964019 2.119586 -2.95446 1.094837 0.6748959 1.018466 -0.6723133 0.1139828 0.4882528 -0.06275502 1.503219 -1.72861 -1.67374 1.698277 0.09422904 -1.261287 -0.638136 0.6131341 -0.4931059 0.9759587 0.5089621 -0.3129827 -1.612269 -1.553977 
  1.438429 -3.726709 -1.656832 -1.599144 -1.28637 -0.006866865 1.999197 -0.2645207 2.765219 -0.9590386 -0.0505323 3.715102 2.100145 -1.231477 -0.9935836 -0.3143062 -0.4177152 4.282179 -0.3437404 1.317736 0.548897 1.535592 0.5909815 2.661869 -0.4101822 0.9599087 0.8129961 -1.758708 -2.693955 -0.5702122 0.3918603 -1.651364 -0.9480594 2.17335 -0.1648741 -1.3781 -0.3493166 0.05756076 -0.7902279 0.7843567 
  0.9054335 -3.531479 -1.350994 -1.338108 -0.89947 -0.1073853 -0.03706554 -0.2825464 4.619348 -0.3559871 -0.03807198 1.062646 0.125223 -0.6592704 -0.6583455 0.1639547 -0.3529263 2.902018 0.3986973 1.559433 0.5289597 1.064091 0.4254431 -1.368352 -1.349957 -2.177384 -1.620698 -0.168712 -3.125443 -0.2337301 -0.08092928 -0.922524 0.6933435 -2.192483 -0.3361315 -1.175385 -0.1325359 -0.5174029 -1.579528 1.036531 
  0.2436788 -3.360876 -1.08441 0.4279338 -0.7477019 0.1277671 -2.077938 -0.008135371 2.373735 -0.6545153 -0.3309992 -3.052649 -3.555033 0.04120346 -0.5504867 0.31694 -0.9033701 2.251663 0.09824966 1.457099 0.2140943 0.04005192 -2.861386 -5.716151 -0.579443 -3.28162 -1.012855 1.799015 -3.065054 1.800974 0.5283221 0.0421515 0.5981151 0.3470679 0.1399975 1.508386 1.034524 -0.3009811 -0.695877 -0.9309574 
  0.2215918 -2.70122 -0.171695 2.190686 -1.402994 0.3059223 -2.825996 0.9581 1.672186 -0.8362814 -0.3456599 -3.154411 -1.331751 0.6521144 -0.5630694 0.8451231 -1.193369 3.375008 3.964311 0.6366683 -0.1104599 -0.3357076 -1.096244 0.02510479 0.3997181 1.980257 0.4293292 2.022587 -2.397451 1.441406 -2.702364 1.2932 -0.118133 6.208001 -0.3785908 0.7399507 1.597784 -0.0539571 1.872598 -0.06675048 
  1.095514 -2.514546 -0.1157564 2.289113 -2.565896 0.4570879 -3.553476 1.920464 0.9040263 -0.7955716 -0.2216926 -1.978977 0.5161692 1.184464 -0.5787226 1.182968 -1.280624 1.916805 2.427915 -0.2364376 -0.3342919 0.1658232 4.601662 0.5152622 1.419982 4.779851 1.635652 2.48735 -1.376635 1.260911 -3.207943 2.354916 -2.005719 -2.656686 -1.484403 0.5027555 1.484611 -0.2091879 1.954054 -1.309881 
  2.139263 -2.299436 0.005842537 2.20806 -0.5853922 0.7406176 -3.601551 2.692326 0.1252525 -1.39857 0.6786788 -0.2447625 0.3515294 5.723454 -0.4598292 0.3677115 -0.7563994 -0.218514 -0.1112401 -0.2951613 -0.9911129 -0.8386432 0.4251553 -1.312652 1.241906 2.653458 1.469021 1.660088 -1.237451 -0.5531672 4.149308 2.558506 -1.881083 -4.992854 -1.266018 -1.241388 -0.8953169 0.2669562 2.378127 0.751434 
  2.872447 -1.499464 0.4791899 1.722851 3.555571 0.9040211 -2.671312 3.420679 0.04948601 -1.391039 0.3504064 0.2411813 -0.08517339 1.149233 0.1316887 -0.6511719 0.2866013 -2.029131 1.149095 -0.8204157 -1.58292 -0.151675 -1.702696 -0.07006257 1.226692 -0.2548231 1.286941 0.1571153 -1.431246 -2.332267 1.801085 1.529137 -0.809429 -0.04596993 -1.781125 -1.471565 -3.398413 0.4113584 -0.5208001 0.5594218 
  2.815818 -1.525785 0.5187124 1.551076 2.137819 0.52942 -2.036635 3.499551 0.1368966 -1.497888 0.5313317 -0.1826053 0.3352297 -2.877954 0.1417898 -0.7428496 0.1801339 -2.894032 0.2563587 -0.7627333 -1.960623 0.1407411 0.2899964 -0.2173759 0.924802 -1.069779 -0.4771705 -1.014555 -1.057026 -1.326132 -2.252711 0.5772097 1.574437 -0.03824612 -2.136772 0.3920362 -2.970172 0.3924706 -1.056452 -1.409904 
  2.626726 -1.550077 0.3737681 1.229978 -1.026395 0.07095335 -0.6459566 3.550174 -0.07381395 -2.257488 0.503136 -0.324113 0.6273505 0.6193949 0.2634823 -0.7336833 -1.146853 -0.5944791 -0.5857842 -0.833672 -2.112668 0.8457518 -0.2964748 -0.09561922 0.8232397 -0.6276413 -0.6126682 -2.39488 -0.6801497 0.1872499 -0.1143965 -0.1782323 1.990763 0.5720483 -1.471467 0.8362061 -0.5610089 1.31427 -0.2623585 -0.6384197 
  2.40002 -1.276572 0.3800256 0.7658151 -1.294177 -0.7227117 0.8823039 3.85951 -0.279099 -2.331743 1.194529 -0.5408252 -0.042332 -0.3458433 0.386129 -1.558314 -1.576618 0.3120264 -0.1533215 -0.9734761 -2.061354 0.8383962 -0.4152259 0.2293476 0.6181992 -0.2925575 -0.05004004 -1.996305 -0.4807435 0.2165175 -0.2257451 -0.7899116 0.7001274 0.3649569 -1.428588 0.05167396 0.7742283 1.668732 -0.5195284 0.2110476 
  2.336482 -1.230018 0.475376 0.5601427 -1.154551 -1.286257 1.265004 3.872755 -0.1574117 -2.601578 1.788596 -0.1520302 0.7638435 -0.205346 0.5131298 -1.254975 -1.489018 0.8913161 -0.3879047 -1.146742 -1.962972 1.013448 0.3073747 0.2339019 0.6097249 0.05106715 0.475811 -1.21658 -0.7260537 0.0118349 -0.359174 -0.6190749 0.3116561 0.1679073 -0.9393537 0.4386988 1.293571 1.901417 -0.4798515 0.7079921 
  2.340562 -1.146795 0.4486483 -0.008687191 -0.9796241 -1.80831 1.449493 3.721549 -0.3614798 -2.694189 2.240262 -0.3823973 -0.5097284 -0.212613 0.8382517 -0.4903802 -0.8429784 0.8141423 -0.3696578 -1.218463 -1.948739 0.9240626 -0.3214896 -0.05828062 0.1852591 -0.04644418 0.5163532 -0.2906623 -0.6715147 -0.06841104 0.108241 -0.197808 0.912316 -0.3280572 -0.7132327 0.1804256 0.6039798 1.671235 -0.3187975 0.6083045 
  2.225685 -1.302532 0.4830626 -0.2537929 -0.2900368 -2.197473 1.637754 3.607754 -0.09028188 -2.462115 2.172289 -0.1958223 0.686876 -0.252335 0.8463558 -0.3412246 -0.1366623 0.8079392 -0.1419463 -1.484593 -1.811751 0.4149809 0.3141175 0.02752372 -0.3046863 -0.4601781 0.1411108 0.4939114 -0.6108115 -0.4542986 -0.04238947 0.05506028 0.9262993 0.2880165 -0.6312088 0.1417428 0.09951878 1.36992 -0.4125504 0.6974978 
  2.149083 -1.44507 0.5864951 -0.07552818 -0.6075109 -2.106249 1.861384 3.226189 0.4087522 -2.503725 1.75102 0.01020527 1.155592 -0.4887919 0.6705967 0.1409241 0.450126 0.4724012 0.1384643 -1.957779 -1.628995 -0.303503 0.1176875 0.5143896 -0.5476215 -0.1348408 -0.2464302 1.274764 -0.6274643 -0.1580055 0.05119625 0.3268982 0.8610651 0.4663397 -0.2219451 0.2211993 0.5291533 1.361474 -0.4832557 0.3619265 
  2.071546 -1.545006 0.4042225 0.1381773 -0.7170739 -2.071223 2.441435 2.865836 -0.1980311 -2.249127 1.385291 -0.3020531 -0.3550302 -0.8405424 0.5737996 -0.1265765 0.411211 0.2985615 -0.3462789 -2.4158 -1.503586 -0.2116933 -1.101806 -0.7410945 -0.8705116 -0.4484118 -0.2276299 1.84242 -0.3214902 -0.001626704 0.1718351 0.3797626 0.1766296 -0.7382886 -0.2302355 -0.2065367 0.4053725 1.2114 0.1718885 -0.9031017 
  2.05354 -1.632524 0.2909615 -0.02657448 -0.7649203 -1.719357 2.818592 2.141578 -1.132808 -2.166429 0.9399188 -0.6568173 -1.575823 -0.2220718 0.6522468 -0.490927 0.1060185 -0.4636691 -0.06580961 -2.857464 -1.495652 0.3970149 -1.207473 -0.8368693 -1.821435 -0.5573792 -0.1735354 1.900164 -0.1178997 0.1855531 -0.167261 0.6912225 0.1777616 0.06399618 -0.0103113 -0.4565473 0.1705363 0.9521262 0.9055467 -1.213 
  2.036127 -1.818962 0.3881525 0.06460065 -0.4799129 -1.156528 3.132659 1.682802 -1.269939 -1.827986 0.2822845 -0.7018824 -0.1438302 -1.060352 0.5786272 -0.3551455 0.3402253 -0.2497121 0.6619861 -3.133922 -1.335387 0.01025355 1.199197 0.8846533 -2.610841 -0.1282038 0.5855101 1.67317 -0.1870126 0.07477598 -1.625701 0.7050405 -0.3734232 0.7674673 0.3822888 -0.1033465 -0.1087688 0.8617149 -0.159971 -0.1449201 
  1.940267 -2.006668 -0.006042182 -0.1296414 -1.141717 -0.6841828 2.860926 1.285126 -0.5491645 -1.57451 -0.04522616 -0.6235236 0.8351519 0.6677316 0.5136645 0.08400355 0.4523112 0.5555367 -0.3129195 -3.275992 -1.321834 0.1666011 1.369082 1.22988 -2.243761 0.05897117 1.09948 1.450016 -0.1213106 -0.6368676 0.769554 0.3153822 -0.9665282 -0.1869453 0.6718818 1.188662 -0.3758811 0.5190442 -0.6921228 -0.2508526 
  1.894146 -2.393307 -0.204351 0.3266243 -0.6861289 -0.2317396 2.590394 0.9311855 -0.4056892 -1.365592 -0.08640616 -0.6038228 0.2181841 0.1674955 0.3926924 0.4701639 0.7307088 1.459517 -1.456947 -3.329592 -1.284962 0.2298873 -0.74025 0.1608895 -1.316419 -0.1689826 1.06626 0.9099128 0.1343467 -1.180645 2.072028 0.06355711 -1.892683 -0.6426815 0.7590551 0.4235455 0.3117468 0.05574859 -0.4122033 0.4324375 
  1.995067 -2.744962 -0.2051469 0.09713227 -0.04405753 0.01800437 1.993389 0.854781 -0.8224207 -1.005252 -0.4242011 -0.9305326 0.009505692 -1.786791 0.5705117 0.4144506 0.5850159 1.622033 -0.6086534 -3.078994 -0.9952697 0.03566771 -0.918089 -0.6098397 -0.9421092 -0.6167808 0.1207989 -0.08661696 0.3784601 -0.6700044 0.1600322 0.404286 -1.862826 -0.2332091 0.9609764 -0.5040544 -0.2248428 -0.4710166 0.5616726 2.519484 
  2.092907 -3.106632 -0.4379269 -0.2040752 -0.3127027 0.01940402 1.418531 0.8150647 -0.9957856 -0.4579906 -0.9042079 -0.9788446 0.04924423 -1.575367 0.8647819 0.7499722 0.4423296 0.6244155 0.2717483 -2.844377 -0.416023 0.1827534 -0.1815573 -0.004988842 -0.2021759 -0.2867584 -0.9403276 -0.2677183 0.7503312 -0.1539749 -1.086511 0.7799097 -0.841616 0.3148456 1.289894 -0.8661846 -0.8682953 -1.070712 -0.07296231 3.292319 
  2.13237 -3.230023 -0.886188 -0.3784819 -1.105163 -0.1365111 0.799579 0.7983609 -0.7678365 0.09743816 -1.150388 -0.8572099 -0.104737 -0.239788 1.332641 0.5089799 -0.4292046 -0.13141 -0.01209969 -2.643645 -0.01268015 0.9660525 -0.05044905 0.4496335 0.1438588 0.1232201 -1.350195 -0.06170114 1.206494 0.4684101 -0.07953591 0.6651797 0.8329042 -0.0009371378 1.270225 0.2005082 -1.576684 -1.775086 -0.2693157 1.54896 
  2.16461 -3.271248 -1.088539 -0.08783533 -0.8409394 -0.2161496 0.8317407 0.7346179 -0.7421072 0.4676623 -0.6644327 -0.6129702 -0.03629279 -0.09595002 1.707854 -0.7341504 -1.510512 0.1623886 -0.4087077 -2.340651 0.1843216 0.3201569 -0.0472726 0.1945963 0.09560121 0.03589052 -0.8961169 -0.1976172 1.315511 0.8283373 0.4678926 0.276976 1.109862 -0.5516979 1.094625 0.15609 -1.552862 -2.061637 0.2173685 0.02655438 
  2.124458 -3.28364 -1.141378 0.2871672 -0.454363 -0.1437894 1.134143 0.5954006 -1.081391 0.5764678 -0.6447324 -0.09416206 0.7654839 -0.4355982 2.152556 -1.75011 -1.185738 -0.1923202 -0.2188735 -1.771625 0.3571219 -1.743051 0.1447544 0.3293566 -0.06494442 -0.04827255 -0.5499772 -0.8740544 0.885016 0.7029985 0.525726 -0.4319153 0.3101892 0.3606718 0.9237437 -0.782531 -0.8706927 -2.088506 -1.337054 0.1488444 
  1.821761 -3.224309 -0.8110094 0.5512653 -0.3499227 0.03919841 1.082342 0.3291287 0.2560806 0.3261302 -0.5818247 2.396147 5.201169 -0.3840025 2.149291 -2.088001 -0.7211894 -0.3452458 0.2363242 -1.336755 0.5289571 -2.704489 1.143088 1.460065 0.3836429 0.4448016 -0.3188635 -1.347481 -0.09929978 0.2168128 0.2383883 -1.174413 -0.2567132 1.336081 1.085079 -0.5517104 0.701638 -1.650875 -1.176796 -0.4251506 
  1.239862 -2.852784 -0.3169976 0.8214171 -1.124273 0.2165551 0.8482867 0.07057665 1.086329 0.0128993 -0.7664962 4.890788 4.627234 -0.4999565 2.282834 -1.69369 -0.01307907 0.4156437 -0.5714518 -0.8979212 0.3220139 -1.312059 -1.323757 0.08692878 0.8763736 -0.1984841 0.4764307 -0.8184038 -0.9483898 0.1518643 0.7100077 -1.528348 0.3099048 -0.9533627 1.598334 0.381602 1.907426 -1.308183 0.07349816 -2.495096 
  0.5132341 -1.896179 0.6340125 0.8927255 -0.776004 -0.02148999 1.134333 -0.194048 2.93752 -0.3280171 -0.5812431 7.461761 -0.2588749 -0.005126766 2.248039 -1.860833 -0.2463161 -0.4782573 -0.4399891 -0.3299893 0.4057462 0.8536662 -4.82398 -0.1183429 0.1193378 -2.169421 -0.2760117 -0.7214043 -0.1432979 0.8723294 -0.01583622 0.4819225 0.5136255 -0.7240391 1.571545 -0.6803311 1.577996 -1.31105 2.194012 -1.227299 
  -1.073985 -1.748578 1.983958 0.6101204 -0.9524074 0.110674 0.6758553 -0.224419 0.7492169 -0.4667775 -0.9635124 5.287208 -0.4023071 -0.001737615 1.951304 -0.7335243 1.097029 -0.1491802 1.156827 -0.1925833 0.4561716 1.294366 -1.388657 -2.697124 -0.02495329 -4.003181 -0.08135042 -0.9070286 -0.7329674 0.7295766 -4.115462 1.950973 0.1615306 1.960223 2.120717 -0.6835362 1.925587 -0.9049406 -1.094803 0.5561774 
  -3.177871 -0.9374082 2.869204 0.5000778 -2.669814 0.1421496 0.5067245 -0.1897884 0.1676469 -0.2110483 -0.3675563 3.055848 0.1532363 1.794602 1.690487 0.4967176 0.822946 -0.1296944 1.675564 -0.00329797 0.6047428 0.8992746 1.568496 -1.740774 0.2194273 -3.185626 -0.3296376 -0.09603076 -0.7347397 -0.9239197 -3.266204 2.089767 -0.2985694 3.609268 2.591694 0.1929749 -0.1207934 -0.4507838 -1.690041 -0.2133792 
  -4.912595 -0.4541638 3.613774 1.29674 -4.084052 -0.03233852 0.2508096 -0.09268776 0.5184898 0.001505934 0.265213 0.9817643 -0.2160563 4.411735 1.122381 0.8761172 0.6781731 0.5100408 1.716132 0.4412381 0.518925 -0.0007237308 -0.1306227 1.159039 0.838915 -2.41494 0.154856 -0.06973495 0.3040078 -1.556704 -0.03770801 1.907649 0.188738 1.559569 2.413759 0.5781651 -0.01879638 -0.8834733 0.05834962 -1.27341 
  -5.722239 -0.3641382 4.498656 1.14674 -3.512123 -0.03530535 0.2432087 -0.06139246 0.6520227 0.5085129 0.1982086 0.8600392 0.08214435 0.5443177 0.7958109 1.435159 0.0459312 0.1658405 -0.5105191 -0.2033144 0.3814858 0.8611256 0.7780309 -0.13484 0.4919825 0.1296456 0.2706125 0.07140011 0.4131157 -1.80935 -0.5907182 0.9541768 0.4253646 -1.83827 2.826556 -0.4925055 0.3507298 -0.4052721 0.5788969 -0.6264894 
  -5.468441 0.02131363 4.893406 0.9939182 -0.351272 0.1746659 0.2143539 -0.0724502 -0.6304954 0.6141699 0.168772 2.83655 0.09304549 0.6569195 0.5437133 1.630295 -0.0007885937 0.196381 -0.8271008 -0.2681121 0.1248556 0.1604548 -0.8029166 -0.8585492 -0.2572246 1.558023 0.2780519 -0.1578337 0.5164658 -0.8171704 0.3342631 0.7988738 0.3139791 0.4404436 2.460546 -0.8914737 -0.01740931 0.1723968 0.3826736 1.520847 
  -5.454787 0.2381225 4.951687 -1.875137 1.353212 0.2549033 -0.4816959 -0.1147209 0.9369399 0.7110657 -0.1686171 -0.009080276 0.1760403 0.06004523 0.3614725 0.9040337 0.9617963 -1.167652 1.582202 -0.3540206 0.3314424 0.4429404 -0.4601489 -0.3886567 0.08604571 -1.26848 -0.5983167 0.9706071 1.155881 1.906488 0.4560723 0.590235 0.835165 -1.706045 2.18599 0.8237464 0.5517593 -0.073385 -1.49824 0.2970447 
  -5.569468 0.2840754 4.933697 0.2882939 1.855515 0.3155735 0.1969301 -0.05569339 -0.1728955 1.151016 0.8642774 0.9392225 0.05705874 0.190811 -0.04362969 0.3085282 -0.1760717 -0.4825897 0.415195 -0.9733124 0.3206003 0.1870843 -1.072963 -0.1795629 0.1198557 0.4252729 -0.4641067 0.7631454 1.240052 1.077188 -0.1331027 0.7248355 -0.04612641 0.5780922 1.743807 0.2741729 -0.02543295 0.1050381 1.5442 -0.8051116 
  -5.43973 0.4574781 4.818871 0.410881 1.778351 0.3537097 0.2925376 -0.2086892 -0.03043746 1.130568 0.635995 1.207439 0.01150635 0.5133806 0.08716185 -0.217681 0.3019885 0.1026348 -0.5444759 -1.121461 -0.05314148 0.4270048 -0.1795274 0.1935619 0.2565987 1.852157 0.3570336 0.374204 1.238877 0.6917747 -0.8754838 0.9257065 -0.2345945 1.347259 1.471916 -0.3854428 -0.7132965 0.1775065 0.8788843 -1.064624 
  -4.980085 0.4189558 4.883744 -0.681385 1.763263 0.4856287 0.1682974 -0.2372354 -0.5841189 0.8675475 0.1825478 1.623095 -0.4311757 0.3598983 -0.2842991 -0.6080038 0.7930283 -0.2698353 0.8854441 -0.72683 -0.2133611 -1.445019 0.72519 -0.0561009 -0.6460369 0.8925397 0.5641068 0.1102939 1.211627 1.318941 0.4630041 0.8881209 -0.1020688 -2.655194 1.893585 -0.2565629 -0.5249684 0.2775301 -1.485933 -0.3071198 
  -5.083175 0.4648936 4.678837 -0.07020846 2.114397 0.7195534 0.2944659 -0.4817642 -1.091846 0.9514766 0.1459095 1.652292 -1.014856 0.5722336 -0.6113364 -0.8564088 0.9977415 -0.364519 0.433588 -1.191491 -0.3108505 0.09324824 -0.4750561 0.06711185 0.1204116 0.1003738 -0.2438841 -0.4545642 1.520612 -0.5254653 1.585564 0.01417882 -0.6321577 -0.2818808 0.8757696 -0.3453817 1.39417 0.2638139 -0.5625079 -0.09691966 
  -5.097144 0.6314 4.221733 0.3932399 3.450581 0.6264749 0.232214 -0.4092516 -0.1372503 0.6284428 -0.1400155 0.3825104 -1.331189 -0.2749093 -0.8322516 -0.601998 1.433003 0.003851841 -0.2409012 -0.6257409 -0.69201 -0.8142654 0.5820479 0.8590431 0.4256568 -0.9362236 0.6959573 -0.6401042 1.633047 0.09187795 -0.1936043 -0.7054582 -0.08041498 0.4225213 0.5946659 -0.1558289 0.4370557 -0.1945544 0.5706481 -0.7001226 
  -5.109677 0.4778195 3.772834 -0.07419462 1.186815 0.4964572 0.4364435 -0.7418366 -0.8416288 0.5536523 0.05919112 0.3056691 -1.176036 -0.7256106 -1.004332 0.2926877 0.7792627 -0.958517 -0.6048892 -0.5127775 -0.6853998 0.4567302 1.137922 -0.07310611 -0.1921288 0.1997289 -0.2741759 -1.070297 1.488173 0.7777916 0.7765063 -0.6341658 -3.122818e-05 -0.8328596 0.7163859 -0.7083641 0.001442039 0.1138652 2.490297 -0.1846483 
  -4.984468 0.8767247 3.065739 -0.257298 1.840052 0.5151945 0.5947781 -0.9144098 -1.342558 0.3900017 -0.7645829 0.7182881 -1.297915 -0.5335858 -0.9348671 -0.1240057 0.6492488 -0.7405612 -0.6745999 -0.6339024 -0.7475176 1.776216 0.7732852 0.02123712 0.6482178 1.259482 -0.8086959 -0.4238108 1.283707 0.4282048 1.245784 -0.70736 -0.008749845 1.525505 0.3395103 0.9246327 -0.867016 0.3160893 0.3605592 0.3970926 
  -4.526659 0.6739478 2.482381 -0.5419956 2.142845 0.4977931 0.678645 -1.012822 -1.324563 0.3015109 -0.9691819 0.4080572 -1.158973 -1.179782 -1.10701 0.5908893 0.5328305 -0.2094778 0.3710212 -0.1817672 -0.8047576 0.8803319 1.072401 0.4980009 0.003152873 0.8632638 -0.6681448 0.2800365 1.236414 1.357749 1.06522 -0.2818476 0.6288941 -0.9537203 0.1483525 0.7329097 -0.4779716 0.2258672 -2.536271 0.6892542 
  -4.406668 0.4423472 1.719793 -0.4101419 2.351817 0.2998074 0.5174912 -0.9300904 -1.916496 0.9793735 -0.1067884 -0.1330809 -1.39892 -0.5321662 -0.8300095 1.624519 -0.6722618 0.7817704 -0.3343163 0.006594181 -0.8475581 -0.1791024 0.2897134 0.1143899 -0.8323481 0.7969275 -0.4625832 -0.4889469 1.086767 0.496659 1.681175 -0.2156622 1.129307 -1.309036 -0.1359562 -1.461427 -1.127644 -0.386774 0.2484335 -0.7541662 
  -3.978807 0.5555443 0.9581639 0.3532909 3.220675 0.6132101 0.3326623 -1.150335 -1.923353 0.7238635 -0.9681899 0.5033392 -1.846104 -0.5684669 -0.5652196 0.5220096 -1.187961 -0.1090598 -0.9124395 -0.01476742 -0.4044924 -0.9295094 0.1793995 1.176519 -0.1971879 0.5547169 -1.103143 -0.5360173 1.784194 1.310302 0.6526621 0.3884181 -0.03164331 1.030975 -1.042617 0.3622737 -0.08083872 -0.3585273 0.3365594 1.611118 
  -3.692937 0.6749913 0.1203281 -0.7080879 1.954427 0.723982 0.7577702 -1.036896 -1.825713 0.7440145 -0.5907968 1.753351 -2.029929 -1.59469 -0.4840532 0.1443674 -0.991518 -0.3431614 -0.1955457 0.5511887 0.1037315 -2.052528 1.561832 1.645635 0.5908722 0.4679964 -1.112436 0.2954791 1.821803 1.484401 0.09043492 0.6875372 -0.03075835 -1.504007 -0.6335613 0.07502888 -0.6175708 -0.4971336 -0.1182523 1.133231 
  -3.699421 0.8972324 -0.8422178 -0.6494709 1.753236 1.244173 0.4552915 -1.292285 -1.483163 1.002307 -1.265319 1.716902 -0.6187329 -1.258804 0.07604625 -0.9651427 -0.5084458 -0.4559855 -0.934692 0.4732332 0.3444843 -0.9414849 1.819554 0.5696821 0.8618116 -0.1215967 -1.63589 1.355454 1.168238 1.456928 1.836593 0.007539073 0.3200573 -0.2483111 -0.6282394 1.112543 0.2722103 -0.1040554 -0.8734161 -0.6700655 
  -4.009127 1.095963 -1.533182 -0.2183407 2.108814 1.815775 1.031118 -1.515062 -0.3123532 0.4823422 -1.312569 1.650992 -1.049332 -0.9531248 0.3950283 -1.090663 -0.8728055 -0.2571744 -1.034283 0.4600439 0.9971937 -0.4695739 0.5752662 0.8464351 0.8143812 -1.01056 -0.8684928 1.768656 1.67682 1.267783 2.201064 0.3690703 0.3932278 0.7487292 -0.5915949 -0.3230815 1.538141 -0.01594371 -0.1794157 -0.7988661 
  -4.513081 0.985911 -1.949698 0.1901339 1.429311 2.011733 0.7885765 -1.714072 -0.1952705 0.06898057 -0.477818 0.88009 -0.2775511 -1.969358 0.5761668 -1.080911 -1.477682 -0.3153865 -0.7059527 0.6601722 1.250201 0.0534058 0.2198125 -0.1028208 0.5136165 -0.7780297 0.7468341 1.047546 1.511137 0.5810901 0.6456866 0.7649539 0.4484299 0.3914805 -0.1550441 -1.233709 0.5916849 0.08369783 2.065158 0.2396136 
  -4.786534 0.9904527 -2.300639 0.2044986 0.8415703 2.273224 0.09581857 -1.514098 -1.114961 0.130282 -0.2130008 1.57522 0.08973778 -1.793957 0.9160374 -0.7227584 -0.1587059 -0.862932 -0.1252051 0.5530916 1.258737 0.8135233 0.1953278 -0.638723 -0.3737008 0.9262943 2.732634 1.05095 1.012603 -0.9346966 -0.148535 0.3453594 0.1969314 0.7881172 0.3506896 -0.05902414 -0.3530734 -0.0402174 -0.9082809 0.197228 
  -4.709017 0.8542109 -2.383723 -0.569179 0.8605648 2.59405 -0.2819686 -1.705553 -0.442371 -0.4442974 0.4632054 1.642713 -0.7929115 0.2840441 0.3519737 0.5990782 1.006991 -0.8840005 0.9263419 0.9660733 1.886708 0.3064496 -0.838706 1.200707 -0.5879771 0.5340267 0.3184444 0.1042003 1.932921 0.004550297 0.2080648 0.7311004 -0.4910713 -0.5558113 0.1899911 0.06550398 0.4746879 -0.3235823 -1.384747 0.3390172 
  -4.836701 0.5236078 -2.561576 -0.7097825 1.382113 2.453157 -0.3864432 -1.735164 -0.6242393 -0.2658315 1.064667 1.18813 -0.7153513 0.8061352 -0.1410389 0.6789879 1.330711 -0.56096 0.01612973 0.7740554 1.781358 -0.01964523 0.05591786 0.2336543 0.02383885 -0.136957 0.2615823 -1.191553 1.729834 -0.5664562 -0.3597292 -0.2086347 -0.7330194 -1.572416 0.1250238 -0.4546396 0.5552961 -0.5298178 -0.7536297 -0.459023 
  -4.791748 0.3272487 -2.534819 -0.4522738 2.008102 2.494872 -0.4825544 -2.045899 -0.9393868 -0.2296277 0.701526 0.6727679 0.04421153 0.7885464 -0.1372761 0.4144154 1.67455 0.4510255 -0.966073 0.7954255 1.460656 0.2113981 0.2209384 -0.736986 -0.006597326 -0.1419063 -0.2994953 -1.527028 0.9230564 0.1880125 -0.7934389 0.2076147 -0.0742116 -0.003712356 0.9831238 -0.1247084 -0.5951805 0.04757398 0.6217168 -0.3678154 
  -4.830018 0.222367 -2.547673 -1.224777 1.700118 2.375062 -0.7587563 -2.30474 -0.3710149 -0.1460687 0.2111131 0.4495835 -0.3714723 0.8543109 -0.5178546 0.430379 1.14166 0.275319 0.5350737 0.815071 1.345094 0.9538643 -0.2213806 0.3825004 -0.5000253 -0.324889 -1.072617 -0.8353088 1.543274 1.34039 -0.0876734 -0.1367901 1.21519 -0.186007 0.7196334 0.5693294 0.141907 -0.2311493 0.784033 -0.6758084 
  -4.944026 -0.225879 -2.530174 -0.9420067 1.040945 2.031409 -1.294341 -2.127822 -0.8604284 -0.05406359 -0.5922477 0.1284183 -0.06347313 0.2413509 -0.6258643 0.3179832 0.7756865 0.6758385 0.2597809 0.4393781 1.084429 1.43874 -0.199738 -0.3636699 -0.5919691 0.4703201 -1.507898 0.4954988 1.41323 1.34543 -0.2472828 -0.848817 1.044346 -0.4724948 0.3621005 0.4221493 0.1867193 -0.3795 -1.652843 -0.1702672 
  -4.576746 -0.4022645 -2.413026 -0.1443774 1.940185 2.224466 -1.143782 -1.998912 -0.8726474 0.007844403 -0.2613838 0.8514524 -0.01223923 0.76675 -0.6051671 -0.09475337 -0.2111882 0.9271722 0.02158872 0.02809557 1.058571 0.8429303 -0.5377575 0.2892919 -1.015479 0.9618141 -1.473465 1.394484 1.351351 0.8856807 -0.3308067 -1.134018 1.147287 0.05613317 0.1584833 -0.6114219 0.7222575 -0.4190684 -0.6421375 0.8893619 
  -4.456495 -0.3572092 -2.471459 -0.7752916 1.944741 2.466366 -1.554617 -1.81722 -0.4904272 -0.2893071 0.3133051 0.9619389 -0.1040521 1.320267 -0.6610861 -0.07177427 -0.6507347 0.2067584 0.1319693 -0.1775201 1.25915 -0.255112 -0.3744549 0.8043953 -0.5929694 0.7265394 -1.632087 1.881974 1.267573 1.434409 -0.1779955 -1.11131 0.3123119 -0.6440049 0.3660875 -0.4186769 0.3755664 -0.5843059 1.105656 -0.2782576 
  -4.256568 -0.4353678 -2.390188 -0.7000555 2.167331 2.638304 -1.173071 -1.4893 -0.5014112 -0.4062059 0.1791942 1.228343 -0.4812875 0.8033572 -0.4034362 -0.4737744 -0.9480551 -1.039178 -0.3992067 -0.7355154 1.301915 -0.7367173 -0.06075216 0.005474022 -0.09213444 0.4198602 -0.08722261 1.624252 1.027171 1.16443 -0.4048076 -0.7703722 -0.6945897 -0.7718819 0.6467479 -0.08279358 0.02360434 -0.7485143 -0.149091 -0.4610761 ]
