0.021932339577
0.0254813423979
0.0147347627138
0.0195621888955
0.00986555218021
0.0161474294178
0.0242215886411
0.0093694741306
0.00687574845109
0.0599658790761
0.0106043350821
0.0125939814531
0.0074411707442
0.0227946974768
0.008839612988
0.00496344758242
0.00370013771056
0.035305999255
0.0235050314583
0.0212086701641
0.00580713587827
0.0122641517821
0.0258671808809
0.0313471541745
0.0398391569162
0.00730603837226
0.0226097794942
0.0310315489637
0.0253488771122
0.00892940489304
0.0390070259943
0.0172613824575
0.00420599507656
0.0159225051408
0.0269686875179
0.0150174738603
0.101657771934
0.0629121203958
0.0062525392884
0.0219341176345
0.00271331578391
0.0160834193469
0.0320530430121
0.0118240825445
0.0165519375048
0.00699043316148
0.00126330987186
0.0319170216114
0.0199959505034
0.0
0.0
3.567838434e-06
0.0
4.45979804251e-06
2.6758788255e-06
8.91959608501e-07
0.0
0.000431708450515
8.91959608501e-07
8.02763647651e-06
0.000117738668322
8.91959608501e-07
0.0
8.91959608501e-07
1.783919217e-06
1.69472325615e-05
0.0
2.94346670805e-05
0.0
8.91959608501e-06
1.783919217e-06
3.567838434e-06
3.567838434e-06
0.0
0.0
0.000165012527573
0.000126658264407
1.0703515302e-05
0.000190879356219
3.567838434e-06
0.0
0.0
0.000525364209407
1.6055272953e-05
2.6758788255e-06
8.20602839821e-05
2.6758788255e-06
0.0
0.0
0.0
0.000194447194653
1.783919217e-05
7.13567686801e-06
4.45979804251e-06
5.35175765101e-06
1.6055272953e-05
0.0
0.0235209748762
1.783919217e-06
0.0
0.0
3.567838434e-06
0.0
0.0
8.91959608501e-07
0.000430816490906
0.0
4.45979804251e-06
0.000120414547148
8.91959608501e-07
0.0
8.91959608501e-07
8.91959608501e-07
4.45979804251e-06
0.0
0.000110602991454
0.0
8.91959608501e-07
8.91959608501e-07
1.783919217e-06
0.0
0.0
1.783919217e-06
0.000132010022058
0.000147173335403
5.88693341611e-05
0.000428140612081
0.0
0.0
0.0
9.81155569351e-06
5.35175765101e-05
2.6758788255e-06
0.000133793941275
2.22989902125e-05
0.0
0.0
0.0
0.000200690911913
8.47361628076e-05
6.24371725951e-06
1.6055272953e-05
5.35175765101e-06
5.79773745526e-05
6.24371725951e-06
8.91959608501e-07
0.0127621580784
8.91959608501e-07
0.0
0.0
3.567838434e-06
0.0
0.0
0.000319321539843
0.0
8.65200820246e-05
9.45477185011e-05
0.0
0.0
1.783919217e-06
2.6758788255e-06
2.6758788255e-06
8.91959608501e-07
5.08416976846e-05
0.0
2.1407030604e-05
1.783919217e-06
8.02763647651e-06
0.0
8.91959608501e-07
8.91959608501e-07
0.000103467314586
0.000200690911913
8.02763647651e-05
0.000379974793221
8.91959608501e-07
0.0
8.91959608501e-07
1.51633133445e-05
3.3894465123e-05
2.58668286465e-05
0.000153417052662
3.2110545906e-05
0.0
0.0
0.0
0.000176608002483
0.000118630627931
1.15954749105e-05
3.567838434e-06
4.45979804251e-06
7.58165667226e-05
5.35175765101e-06
0.0
2.6758788255e-06
0.017966742394
6.24371725951e-06
5.35175765101e-06
0.0
0.0
0.0
7.76004859396e-05
0.0
7.13567686801e-06
6.15452129866e-05
7.13567686801e-06
0.0
2.6758788255e-06
8.91959608501e-07
5.26256169016e-05
7.13567686801e-06
9.00879204586e-05
0.0
3.567838434e-06
4.45979804251e-06
1.6055272953e-05
7.13567686801e-06
0.0
0.0
0.00023190949821
1.2487434519e-05
8.20602839821e-05
0.000109711031846
5.35175765101e-06
0.0
0.0
0.00063061544321
7.13567686801e-06
3.567838434e-06
8.65200820246e-05
2.05150709955e-05
8.91959608501e-07
0.0
0.0
6.06532533781e-05
5.35175765101e-06
1.15954749105e-05
3.567838434e-06
8.91959608501e-07
2.94346670805e-05
1.783919217e-06
6.24371725951e-06
1.0703515302e-05
3.567838434e-06
0.00924872918055
1.33793941275e-05
5.35175765101e-06
0.0
0.0
0.00010703515302
1.783919217e-06
2.6758788255e-06
5.35175765101e-05
1.15954749105e-05
2.6758788255e-06
8.91959608501e-07
2.6758788255e-06
4.37060208166e-05
1.15954749105e-05
5.35175765101e-06
0.0
5.35175765101e-06
0.0
6.24371725951e-06
6.24371725951e-06
0.0
0.0
1.9623111387e-05
1.4271353736e-05
0.0
0.000173040164049
8.02763647651e-06
4.45979804251e-06
1.783919217e-06
3.567838434e-06
1.783919217e-06
1.51633133445e-05
3.47864247315e-05
5.35175765101e-06
0.0
0.0
0.0
2.3190949821e-05
8.91959608501e-07
2.58668286465e-05
8.91959608501e-07
8.91959608501e-07
1.33793941275e-05
7.13567686801e-06
3.567838434e-06
8.91959608501e-07
3.567838434e-06
5.35175765101e-06
0.0127300475325
5.35175765101e-06
0.0
8.91959608501e-07
0.000540527522752
0.0
5.26256169016e-05
3.9246222774e-05
8.91959608501e-06
1.783919217e-06
0.0
2.6758788255e-06
3.567838434e-06
8.91959608501e-07
0.000132901981667
0.0
5.17336572931e-05
1.783919217e-06
2.6758788255e-06
0.0
8.91959608501e-07
8.91959608501e-07
0.000402273783434
0.000354999924183
8.91959608501e-07
0.000371947156745
5.35175765101e-06
0.0
0.0
5.35175765101e-05
1.15954749105e-05
4.28140612081e-05
0.000319321539843
6.15452129866e-05
0.0
0.0
0.0
0.000420112975604
0.00026758788255
0.000141821577752
3.567838434e-06
0.0
0.000145389416186
1.4271353736e-05
2.05150709955e-05
1.33793941275e-05
2.3190949821e-05
1.783919217e-06
1.33793941275e-05
0.0225915529641
0.0
0.0
0.000264020044116
0.0
1.15954749105e-05
6.86808898546e-05
2.4974869038e-05
4.45979804251e-06
8.91959608501e-06
1.783919217e-06
8.47361628076e-05
2.4974869038e-05
3.83542631655e-05
8.91959608501e-07
1.2487434519e-05
1.6055272953e-05
8.38442031991e-05
3.0326626689e-05
0.0
0.0
8.56281224161e-05
0.000101683395369
9.81155569351e-06
0.00016055272953
1.51633133445e-05
0.0
8.91959608501e-07
3.0326626689e-05
8.02763647651e-06
2.1407030604e-05
0.000122198466365
1.783919217e-06
0.0
0.0
2.6758788255e-06
0.000189987396611
4.54899400336e-05
8.02763647651e-06
2.1407030604e-05
0.0
0.000122198466365
0.000104359274195
9.98994761521e-05
0.000103467314586
6.15452129866e-05
3.47864247315e-05
4.99497380761e-05
0.000165012527573
0.00745499840785
0.0
8.91959608501e-07
0.0
0.0
0.0
8.29522435906e-05
0.000138253739318
8.91959608501e-07
8.91959608501e-07
9.45477185011e-05
1.9623111387e-05
1.783919217e-06
0.0
3.567838434e-06
0.000153417052662
9.36557588926e-05
0.000234585377036
0.0
0.0
0.000118630627931
1.783919217e-06
0.0
8.91959608501e-07
6.33291322036e-05
3.2110545906e-05
0.0
0.000170364285224
0.0
8.02763647651e-06
3.567838434e-06
2.6758788255e-06
8.91959608501e-07
2.76507478635e-05
1.51633133445e-05
2.6758788255e-06
1.783919217e-06
5.35175765101e-06
2.40829094295e-05
0.0
2.22989902125e-05
3.65703439485e-05
1.783919217e-05
8.02763647651e-06
4.45979804251e-06
0.0
1.4271353736e-05
1.9623111387e-05
0.0
0.00616700873318
6.24371725951e-05
0.0
8.02763647651e-06
0.0
2.94346670805e-05
1.0703515302e-05
3.567838434e-06
2.3190949821e-05
8.74120416331e-05
4.99497380761e-05
9.81155569351e-06
0.0
8.02763647651e-06
4.63818996421e-05
5.97612937696e-05
3.83542631655e-05
0.0
0.0
1.2487434519e-05
8.91959608501e-07
0.0
8.91959608501e-07
8.91959608501e-06
7.13567686801e-06
0.0
7.13567686801e-06
8.91959608501e-07
2.6758788255e-05
1.783919217e-05
5.35175765101e-06
0.0
7.13567686801e-06
3.7462303557e-05
3.7462303557e-05
4.45979804251e-06
8.91959608501e-07
1.15954749105e-05
0.0
6.24371725951e-06
0.0
2.22989902125e-05
4.45979804251e-06
9.81155569351e-06
0.0
1.69472325615e-05
0.0
0.000116846708714
0.000651130514206
0.048999801093
0.000133793941275
0.000167688406398
0.0
1.51633133445e-05
8.91959608501e-07
2.3190949821e-05
8.91959608501e-07
3.567838434e-06
2.6758788255e-06
7.22487282886e-05
4.45979804251e-05
4.01381823825e-05
1.6055272953e-05
2.6758788255e-05
3.567838434e-06
2.4974869038e-05
0.00317002444861
3.567838434e-05
9.00879204586e-05
0.0
8.29522435906e-05
6.24371725951e-06
0.0
0.00216211009101
2.8542707472e-05
6.86808898546e-05
0.000253316528814
0.000516444613322
2.22989902125e-05
0.00323513750003
8.91959608501e-07
0.0
6.24371725951e-06
1.9623111387e-05
3.65703439485e-05
1.9623111387e-05
0.0
1.15954749105e-05
6.68969706376e-05
4.19221015996e-05
7.49246071141e-05
5.53014957271e-05
5.44095361186e-05
8.91959608501e-05
3.65703439485e-05
0.0
0.0
2.76507478635e-05
0.00847004844233
0.0
0.0
8.11683243736e-05
7.13567686801e-06
8.91959608501e-06
3.567838434e-06
6.51130514206e-05
0.000114170829888
4.10301419911e-05
0.0
5.97612937696e-05
0.000228341659776
0.000320213499452
0.000103467314586
0.0
0.0
3.7462303557e-05
4.45979804251e-06
0.0
1.783919217e-06
4.37060208166e-05
0.0
0.0
0.000148065295011
4.45979804251e-06
0.000198906992696
3.30025055145e-05
8.91959608501e-07
0.0
7.13567686801e-06
8.38442031991e-05
1.69472325615e-05
8.02763647651e-06
3.65703439485e-05
1.33793941275e-05
8.91959608501e-07
4.99497380761e-05
2.6758788255e-06
6.60050110291e-05
4.37060208166e-05
0.0
6.24371725951e-06
0.000581557664743
0.0
0.0
0.0
8.02763647651e-06
0.0
0.0105162037842
0.0
0.000177499962092
1.783919217e-06
1.783919217e-06
8.91959608501e-07
0.000136469820101
0.000121306506756
3.567838434e-06
0.0
1.783919217e-06
0.000169472325615
0.000517336572931
0.0002203140233
0.0
0.0
8.91959608501e-07
8.91959608501e-07
0.0
8.91959608501e-07
3.7462303557e-05
0.0
0.0
0.0
8.91959608501e-07
2.6758788255e-06
5.35175765101e-06
0.0
0.0
3.567838434e-06
0.0
3.567838434e-06
8.91959608501e-07
1.783919217e-06
0.0
0.0
0.0
1.51633133445e-05
2.1407030604e-05
4.63818996421e-05
3.12185862975e-05
9.81155569351e-06
0.000163228608356
5.35175765101e-06
0.0
0.0
0.0
0.0
0.0
0.00580308921291
3.7462303557e-05
3.9246222774e-05
2.3190949821e-05
0.0
0.000206934629172
1.87311517785e-05
0.0
0.0
2.6758788255e-06
0.000222989902125
0.000472738592506
0.000289886872763
0.0
0.0
1.783919217e-06
0.0
3.567838434e-06
8.91959608501e-07
3.30025055145e-05
0.0
0.0
8.91959608501e-07
0.0
0.0
0.0
0.0
0.0
6.24371725951e-06
9.81155569351e-06
0.0
0.0
0.0
0.0
0.0
0.0
1.783919217e-06
0.0
8.91959608501e-07
8.91959608501e-07
8.91959608501e-07
3.567838434e-06
0.0
0.0
8.91959608501e-07
0.000454899400336
0.0
2.22989902125e-05
0.00012487434519
0.0199486766441
8.91959608501e-07
0.0
2.6758788255e-06
7.76004859396e-05
0.0
4.01381823825e-05
8.91959608501e-07
8.91959608501e-06
0.0
1.783919217e-06
0.0
1.783919217e-06
0.0
0.000365703439485
0.000129334143233
2.05150709955e-05
0.000580665705134
0.0
0.0
0.0
0.000239045175078
4.90577784676e-05
8.91959608501e-07
0.000207826588781
4.45979804251e-06
8.91959608501e-07
0.0
0.0
0.000239045175078
0.000234585377036
7.13567686801e-06
6.24371725951e-06
2.4974869038e-05
6.51130514206e-05
1.2487434519e-05
4.45979804251e-06
8.02763647651e-06
9.81155569351e-06
1.783919217e-06
3.7462303557e-05
1.33793941275e-05
0.0
0.0
0.000119522587539
0.0
9.81155569351e-06
2.6758788255e-06
2.1407030604e-05
0.00802050079964
0.0
4.45979804251e-06
1.783919217e-06
4.45979804251e-06
4.01381823825e-05
0.0
1.51633133445e-05
1.51633133445e-05
3.3894465123e-05
2.40829094295e-05
0.0
0.0
2.4974869038e-05
1.51633133445e-05
0.0
1.9623111387e-05
2.6758788255e-06
0.0
0.0
1.0703515302e-05
3.567838434e-06
0.000116846708714
5.53014957271e-05
7.13567686801e-06
0.0
0.0
2.6758788255e-06
0.000105251233803
7.13567686801e-06
1.51633133445e-05
8.91959608501e-07
8.91959608501e-07
8.02763647651e-05
2.6758788255e-06
1.783919217e-06
7.13567686801e-06
8.91959608501e-07
1.783919217e-06
2.4974869038e-05
1.783919217e-06
0.0
8.91959608501e-07
0.000103467314586
2.6758788255e-06
1.4271353736e-05
0.0
1.87311517785e-05
1.6055272953e-05
0.00441787594091
9.81155569351e-06
3.567838434e-06
1.783919217e-06
1.4271353736e-05
0.0
4.45979804251e-06
8.91959608501e-06
2.22989902125e-05
6.24371725951e-06
8.91959608501e-07
0.0
1.4271353736e-05
1.2487434519e-05
0.0
8.91959608501e-07
2.6758788255e-06
0.0
0.0
6.24371725951e-06
6.24371725951e-06
8.11683243736e-05
6.68969706376e-05
8.91959608501e-07
2.6758788255e-06
0.0
1.783919217e-06
3.65703439485e-05
6.24371725951e-06
8.02763647651e-06
4.45979804251e-06
0.0
4.10301419911e-05
1.783919217e-06
1.783919217e-06
3.567838434e-06
3.567838434e-06
8.91959608501e-07
1.783919217e-06
2.6758788255e-06
0.0
8.91959608501e-07
8.91959608501e-07
0.0
2.22989902125e-05
0.0
5.35175765101e-06
4.45979804251e-06
2.58668286465e-05
0.00290243656606
3.567838434e-06
0.0
2.40829094295e-05
8.91959608501e-07
8.91959608501e-07
1.783919217e-06
8.91959608501e-06
2.6758788255e-06
0.0
0.0
5.17336572931e-05
0.000179283881309
1.783919217e-06
0.000104359274195
8.91959608501e-07
0.0
1.783919217e-06
3.47864247315e-05
6.24371725951e-06
0.0
6.77889302461e-05
2.6758788255e-05
0.0
0.0
0.0
8.91959608501e-07
8.02763647651e-06
0.000175716042875
4.45979804251e-06
0.0
2.6758788255e-05
2.22989902125e-05
9.81155569351e-06
2.76507478635e-05
3.0326626689e-05
1.51633133445e-05
3.47864247315e-05
2.1407030604e-05
8.91959608501e-07
1.783919217e-06
0.000513768734497
0.0
5.88693341611e-05
0.000103467314586
3.3894465123e-05
1.4271353736e-05
4.45979804251e-06
5.35175765101e-06
0.0317582218607
4.72738592506e-05
0.000152525093054
0.0
7.58165667226e-05
4.81658188591e-05
0.000165012527573
9.81155569351e-05
2.6758788255e-06
0.0
0.000130226102841
0.0001783919217
1.783919217e-06
0.00014895725462
1.2487434519e-05
8.91959608501e-07
0.0
0.000149849214228
3.3894465123e-05
0.000268479842159
0.000248856730772
3.7462303557e-05
0.0
0.0
0.0
0.000436168248557
9.90075165436e-05
0.000118630627931
2.6758788255e-05
8.02763647651e-06
0.000276507478635
9.81155569351e-06
1.51633133445e-05
9.81155569351e-06
2.3190949821e-05
7.13567686801e-06
9.81155569351e-06
8.02763647651e-06
0.0
8.91959608501e-07
0.00042278885443
0.0
7.13567686801e-06
0.000180175840917
1.15954749105e-05
3.567838434e-06
2.6758788255e-06
4.45979804251e-06
1.69472325615e-05
0.0215622315759
3.567838434e-05
0.0
1.87311517785e-05
1.87311517785e-05
4.01381823825e-05
7.13567686801e-06
1.783919217e-06
0.0
7.84924455481e-05
0.000109711031846
1.69472325615e-05
0.000172148204441
1.9623111387e-05
0.0
0.0
1.2487434519e-05
0.000179283881309
4.90577784676e-05
0.000149849214228
1.2487434519e-05
0.0
0.0
0.0
0.00021407030604
4.90577784676e-05
2.58668286465e-05
1.783919217e-05
7.13567686801e-06
5.08416976846e-05
5.44095361186e-05
3.65703439485e-05
5.53014957271e-05
0.000174824083266
2.6758788255e-05
7.84924455481e-05
7.40326475056e-05
0.0
0.0
0.000140037658535
0.0
9.81155569351e-06
0.0
5.88693341611e-05
5.44095361186e-05
9.81155569351e-06
1.0703515302e-05
0.000260452205682
4.72738592506e-05
0.0193028978876
0.0
4.45979804251e-06
0.000150741173837
0.000105251233803
8.11683243736e-05
0.0
0.0
0.000109711031846
1.2487434519e-05
0.0
8.91959608501e-07
1.87311517785e-05
1.783919217e-06
0.0
0.000172148204441
6.24371725951e-06
5.61934553356e-05
5.53014957271e-05
0.0
0.0
2.40829094295e-05
2.6758788255e-05
1.6055272953e-05
2.6758788255e-06
5.35175765101e-06
3.3894465123e-05
0.0
0.0
6.06532533781e-05
5.08416976846e-05
3.7462303557e-05
2.22989902125e-05
5.35175765101e-06
1.15954749105e-05
1.2487434519e-05
0.0
0.0
2.6758788255e-06
0.0
0.0
0.0
7.40326475056e-05
1.4271353736e-05
1.783919217e-06
0.0
6.51130514206e-05
3.2110545906e-05
6.24371725951e-06
0.004763956269
1.783919217e-06
9.18718396756e-05
2.8542707472e-05
2.6758788255e-06
0.0
0.0
3.83542631655e-05
1.783919217e-06
0.0
5.35175765101e-06
8.47361628076e-05
4.45979804251e-06
0.0
0.000211394427215
4.45979804251e-06
4.45979804251e-06
1.33793941275e-05
4.45979804251e-06
0.0
3.567838434e-05
2.58668286465e-05
1.783919217e-06
0.0
1.69472325615e-05
1.9623111387e-05
0.0
6.77889302461e-05
9.00879204586e-05
0.000226557740559
3.7462303557e-05
5.53014957271e-05
9.18718396756e-05
8.02763647651e-06
7.22487282886e-05
0.0
0.0
0.0
0.0
0.0
0.0
0.000144497456577
0.0
0.0
0.0
0.000108819072237
1.4271353736e-05
0.0
0.0
0.0108248218088
0.000154309012271
9.63316377181e-05
0.000195339154262
0.0
0.0
8.91959608501e-07
8.91959608501e-07
0.0
8.91959608501e-07
5.53014957271e-05
0.0
0.0
8.91959608501e-07
0.0
8.91959608501e-06
8.91959608501e-07
0.0
0.0
1.2487434519e-05
4.54899400336e-05
0.0
0.0
2.4974869038e-05
3.2110545906e-05
0.0
8.91959608501e-07
2.6758788255e-06
5.35175765101e-06
2.6758788255e-06
1.783919217e-06
0.0
1.2487434519e-05
8.91959608501e-07
0.0
0.0
0.00054141948236
0.0
1.6055272953e-05
0.000107927112629
5.35175765101e-06
1.783919217e-06
2.6758788255e-06
8.91959608501e-07
0.000104359274195
6.24371725951e-06
9.63316377181e-05
0.0
1.2487434519e-05
0.0221660882309
1.2487434519e-05
6.24371725951e-06
2.6758788255e-06
8.91959608501e-07
0.000230125578993
0.000186419558177
0.000247072811555
0.000625263685559
2.6758788255e-06
0.0
0.0
0.000116846708714
0.000153417052662
5.35175765101e-06
0.000399597904608
4.37060208166e-05
8.91959608501e-07
0.0
8.91959608501e-07
0.000369271277919
0.000115954749105
1.9623111387e-05
8.02763647651e-06
1.33793941275e-05
0.000304158226499
4.45979804251e-06
7.13567686801e-06
2.6758788255e-06
7.13567686801e-06
1.783919217e-06
5.35175765101e-06
3.567838434e-06
0.0
0.0
0.00116311532949
0.0
6.42210918121e-05
0.000162336648747
1.87311517785e-05
4.45979804251e-06
2.6758788255e-06
1.783919217e-06
1.6055272953e-05
2.6758788255e-06
0.000119522587539
0.0
3.9246222774e-05
1.0703515302e-05
0.0248803213195
9.81155569351e-06
2.6758788255e-06
2.6758788255e-06
0.000128442183624
0.00026758788255
0.000357675803009
0.00157074087057
9.81155569351e-06
0.0
8.91959608501e-07
3.65703439485e-05
0.000102575354978
5.61934553356e-05
0.000620803887517
9.27637992841e-05
8.91959608501e-07
0.0
1.783919217e-06
0.000835766153166
0.000188203477394
4.90577784676e-05
3.12185862975e-05
9.81155569351e-06
0.000556582795705
7.40326475056e-05
6.24371725951e-05
4.01381823825e-05
3.3894465123e-05
1.51633133445e-05
5.35175765101e-05
2.1407030604e-05
0.0
0.0
0.000635075241253
0.0
4.81658188591e-05
0.000102575354978
7.04648090716e-05
5.35175765101e-06
3.567838434e-06
6.24371725951e-06
5.44095361186e-05
5.08416976846e-05
0.000104359274195
0.0
9.81155569351e-05
9.98994761521e-05
0.000241721053904
0.0358692636963
0.0
8.91959608501e-07
0.000140037658535
0.000156092931488
0.000179283881309
0.000198015033087
6.95728494631e-05
6.24371725951e-06
0.0
6.15452129866e-05
4.45979804251e-05
0.000281859236286
0.000252424569206
2.4974869038e-05
0.0
2.6758788255e-06
2.6758788255e-06
0.000315753701409
0.000128442183624
9.98994761521e-05
4.37060208166e-05
5.35175765101e-06
0.000265803963333
2.22989902125e-05
1.51633133445e-05
3.47864247315e-05
2.05150709955e-05
8.91959608501e-07
3.567838434e-05
1.51633133445e-05
0.0
8.91959608501e-07
5.44095361186e-05
0.0
7.13567686801e-06
0.0
6.15452129866e-05
2.6758788255e-06
2.1407030604e-05
1.51633133445e-05
5.53014957271e-05
6.24371725951e-06
1.783919217e-06
0.0
8.91959608501e-06
6.15452129866e-05
0.000173040164049
4.45979804251e-05
0.00642656897925
0.0
7.13567686801e-06
1.783919217e-06
0.0
2.6758788255e-06
7.13567686801e-06
2.6758788255e-05
0.0
4.45979804251e-06
0.0
4.99497380761e-05
6.24371725951e-06
4.45979804251e-06
0.0
8.02763647651e-06
5.35175765101e-05
5.26256169016e-05
8.91959608501e-07
7.13567686801e-06
1.15954749105e-05
0.0
0.0
0.000204258750347
0.000173040164049
0.000146281375794
0.000126658264407
5.53014957271e-05
0.000117738668322
2.94346670805e-05
0.0
0.0
1.9623111387e-05
0.0
1.15954749105e-05
0.0
9.00879204586e-05
0.000173040164049
4.01381823825e-05
5.35175765101e-06
0.00012487434519
9.63316377181e-05
2.6758788255e-05
0.0
2.40829094295e-05
7.58165667226e-05
0.000293454711197
8.65200820246e-05
0.0
0.0193002220087
0.000239937134687
3.7462303557e-05
4.45979804251e-06
4.45979804251e-06
7.76004859396e-05
2.76507478635e-05
0.0
0.0002203140233
3.47864247315e-05
8.11683243736e-05
0.000323781337886
7.13567686801e-06
8.91959608501e-07
4.54899400336e-05
6.06532533781e-05
6.24371725951e-06
3.567838434e-06
0.000189987396611
9.27637992841e-05
0.0
5.35175765101e-06
0.000128442183624
0.000191771315828
9.36557588926e-05
0.00012487434519
6.68969706376e-05
0.000259560246074
0.000209610507998
0.0
8.91959608501e-07
0.000195339154262
8.91959608501e-07
3.12185862975e-05
2.8542707472e-05
0.000190879356219
8.91959608501e-07
4.45979804251e-06
1.0703515302e-05
0.000110602991454
0.000212286386823
7.04648090716e-05
0.0
1.783919217e-05
0.000241721053904
0.000224773821342
0.000534283805492
0.0
0.0
0.0271887127863
7.76004859396e-05
0.0
1.33793941275e-05
0.000128442183624
1.6055272953e-05
0.0
1.69472325615e-05
1.0703515302e-05
9.54396781096e-05
7.76004859396e-05
2.58668286465e-05
0.0
4.01381823825e-05
7.13567686801e-05
0.000218530104083
2.94346670805e-05
5.88693341611e-05
2.76507478635e-05
2.6758788255e-06
8.38442031991e-05
7.04648090716e-05
0.000121306506756
0.000179283881309
9.45477185011e-05
1.6055272953e-05
0.000154309012271
0.000148065295011
8.02763647651e-06
0.0
0.000362135601051
2.6758788255e-06
5.53014957271e-05
0.0
0.000155200971879
1.87311517785e-05
8.02763647651e-06
3.7462303557e-05
9.45477185011e-05
0.000201582871521
3.12185862975e-05
0.0
2.94346670805e-05
0.000125766304799
0.00023815321547
0.000149849214228
0.0
0.0
3.7462303557e-05
0.0222517163533
0.0
3.2110545906e-05
9.54396781096e-05
1.4271353736e-05
8.91959608501e-07
1.51633133445e-05
8.02763647651e-06
0.000182851719743
6.06532533781e-05
7.13567686801e-06
8.91959608501e-07
3.567838434e-06
8.02763647651e-05
0.000148065295011
8.02763647651e-06
3.0326626689e-05
4.45979804251e-05
0.0
0.000108819072237
1.2487434519e-05
3.567838434e-06
9.81155569351e-06
1.0703515302e-05
2.6758788255e-06
1.0703515302e-05
0.0
0.0
0.0
0.000190879356219
1.783919217e-06
3.12185862975e-05
0.0
1.15954749105e-05
8.91959608501e-07
0.0
8.91959608501e-06
1.69472325615e-05
4.45979804251e-06
2.8542707472e-05
1.51633133445e-05
4.81658188591e-05
4.10301419911e-05
6.33291322036e-05
1.0703515302e-05
0.0
8.02763647651e-06
1.69472325615e-05
1.783919217e-05
0.00787065158541
1.33793941275e-05
2.6758788255e-06
0.0
0.0
3.2110545906e-05
1.4271353736e-05
0.000147173335403
4.19221015996e-05
6.24371725951e-06
0.0
0.0
0.0
0.000148065295011
1.2487434519e-05
4.81658188591e-05
2.22989902125e-05
8.91959608501e-07
3.2110545906e-05
0.000177499962092
7.40326475056e-05
0.00016055272953
7.31406878971e-05
6.60050110291e-05
0.00020247483113
8.65200820246e-05
1.783919217e-06
1.15954749105e-05
0.00092852995245
7.22487282886e-05
0.000180175840917
4.45979804251e-06
0.000174824083266
3.65703439485e-05
6.24371725951e-06
4.28140612081e-05
0.000165904487181
7.40326475056e-05
9.18718396756e-05
8.91959608501e-07
0.000107927112629
0.000263128084508
0.000412977298736
0.000315753701409
2.40829094295e-05
8.91959608501e-07
0.00011327887028
0.000111494951063
0.0
0.0329864502416
0.000151633133445
1.51633133445e-05
0.0
5.79773745526e-05
6.15452129866e-05
0.000296130590022
0.000393354187349
1.6055272953e-05
1.33793941275e-05
8.91959608501e-07
8.83040012416e-05
0.000626155645168
3.12185862975e-05
8.91959608501e-05
6.68969706376e-05
7.13567686801e-06
0.000252424569206
1.15954749105e-05
9.81155569351e-06
8.02763647651e-06
1.9623111387e-05
6.24371725951e-06
1.69472325615e-05
8.02763647651e-06
0.0
0.0
0.000222989902125
0.0
1.69472325615e-05
4.45979804251e-05
1.15954749105e-05
1.783919217e-06
8.91959608501e-07
8.91959608501e-07
8.91959608501e-06
7.13567686801e-06
2.22989902125e-05
0.0
1.87311517785e-05
1.2487434519e-05
4.01381823825e-05
3.567838434e-06
0.0
0.0
0.000140037658535
6.86808898546e-05
3.567838434e-06
0.000172148204441
0.0158536900815
5.35175765101e-06
0.0
8.91959608501e-06
3.567838434e-05
4.19221015996e-05
0.000118630627931
3.9246222774e-05
0.0
0.0
0.0
9.00879204586e-05
9.98994761521e-05
2.76507478635e-05
2.6758788255e-06
1.0703515302e-05
0.000106143193412
8.91959608501e-07
7.13567686801e-06
0.0
5.35175765101e-06
0.0
8.91959608501e-07
0.0
0.0
0.0
8.91959608501e-06
0.0
6.24371725951e-06
7.13567686801e-06
8.91959608501e-07
2.6758788255e-06
0.0
0.0
7.13567686801e-06
6.24371725951e-06
0.0
0.0
0.0
9.81155569351e-06
1.2487434519e-05
5.35175765101e-06
0.0
0.0
1.9623111387e-05
3.567838434e-06
4.45979804251e-06
4.37060208166e-05
0.0
0.00394870518683
0.0
0.0
1.0703515302e-05
0.0
5.08416976846e-05
0.0
0.0
0.0
0.0
2.4974869038e-05
0.0
8.91959608501e-07
6.24371725951e-06
0.0
2.4974869038e-05
0.00013111806245
6.68969706376e-05
2.76507478635e-05
4.63818996421e-05
2.8542707472e-05
7.93844051566e-05
6.24371725951e-05
0.0
1.783919217e-06
1.2487434519e-05
0.0
8.02763647651e-06
0.0
8.91959608501e-05
6.06532533781e-05
7.13567686801e-06
0.0
0.000288994913154
0.000103467314586
1.783919217e-06
8.91959608501e-07
6.24371725951e-06
9.45477185011e-05
0.000101683395369
9.36557588926e-05
0.0
0.0
0.000299698428456
0.0
0.0
5.35175765101e-06
6.95728494631e-05
4.37060208166e-05
0.0136666051215
0.000352324045358
4.45979804251e-06
3.47864247315e-05
7.13567686801e-05
5.35175765101e-06
0.0
2.94346670805e-05
1.51633133445e-05
5.35175765101e-06
0.0
1.69472325615e-05
4.01381823825e-05
0.0
1.783919217e-06
0.000161444689139
0.00019623111387
0.000167688406398
7.40326475056e-05
4.28140612081e-05
9.54396781096e-05
0.0001783919217
0.0
8.91959608501e-07
0.000189987396611
0.0
3.30025055145e-05
0.000123090425973
0.000286319034329
2.3190949821e-05
9.81155569351e-06
0.0
5.26256169016e-05
0.000211394427215
4.01381823825e-05
0.0
1.9623111387e-05
0.000274723559418
0.000352324045358
0.000553014957271
2.6758788255e-06
0.0
6.51130514206e-05
0.000125766304799
0.0
7.13567686801e-05
0.000172148204441
1.783919217e-05
0.0
0.0228832237561
2.4974869038e-05
2.76507478635e-05
6.68969706376e-05
5.35175765101e-06
0.0
9.81155569351e-06
0.000151633133445
0.000258668286465
1.0703515302e-05
3.83542631655e-05
9.81155569351e-06
3.567838434e-06
2.58668286465e-05
2.8542707472e-05
1.33793941275e-05
1.2487434519e-05
3.2110545906e-05
8.91959608501e-06
3.3894465123e-05
7.13567686801e-06
0.0
8.91959608501e-07
8.56281224161e-05
0.0
8.91959608501e-07
0.0
3.47864247315e-05
2.40829094295e-05
0.000152525093054
5.97612937696e-05
5.17336572931e-05
1.69472325615e-05
1.4271353736e-05
0.0
8.91959608501e-07
5.70854149441e-05
0.000235477336644
0.000101683395369
0.0
0.0
1.33793941275e-05
3.567838434e-06
8.91959608501e-07
3.567838434e-06
2.40829094295e-05
0.0
0.0
2.1407030604e-05
0.0138922709024
2.40829094295e-05
1.2487434519e-05
5.35175765101e-06
0.0
2.76507478635e-05
3.3894465123e-05
1.4271353736e-05
6.24371725951e-06
0.0
6.24371725951e-06
0.0
4.45979804251e-06
6.15452129866e-05
8.65200820246e-05
6.24371725951e-05
5.53014957271e-05
6.24371725951e-06
0.000107927112629
6.60050110291e-05
0.000191771315828
2.8542707472e-05
3.567838434e-06
0.000139145698926
0.000807223445693
0.0
7.58165667226e-05
2.6758788255e-06
8.02763647651e-06
0.0
9.81155569351e-06
5.53014957271e-05
6.95728494631e-05
5.08416976846e-05
0.000346972287707
0.000105251233803
0.00014895725462
3.30025055145e-05
4.63818996421e-05
0.000156092931488
4.28140612081e-05
0.00014271353736
0.0
0.000120414547148
2.05150709955e-05
8.91959608501e-07
8.20602839821e-05
9.63316377181e-05
9.00879204586e-05
0.0946056958757
0.000173040164049
2.4974869038e-05
0.00014895725462
0.0
8.91959608501e-07
1.15954749105e-05
1.783919217e-05
0.000313077822584
7.40326475056e-05
0.0
5.35175765101e-06
4.54899400336e-05
4.63818996421e-05
0.000175716042875
9.45477185011e-05
6.24371725951e-06
0.000245288892338
0.00011327887028
0.0
8.91959608501e-07
0.00173575339814
0.0
5.70854149441e-05
0.0
0.000240829094295
1.6055272953e-05
3.567838434e-05
0.000313077822584
0.000151633133445
6.15452129866e-05
9.63316377181e-05
0.0
6.77889302461e-05
0.000185527598568
0.000431708450515
0.00018463563896
0.0
0.0
7.49246071141e-05
1.783919217e-05
1.783919217e-06
1.2487434519e-05
8.83040012416e-05
1.4271353736e-05
0.0
2.4974869038e-05
1.2487434519e-05
0.000622587806734
0.0576107791535
2.22989902125e-05
2.6758788255e-06
9.81155569351e-06
6.42210918121e-05
0.000167688406398
3.567838434e-06
4.37060208166e-05
1.51633133445e-05
0.0
4.45979804251e-06
1.783919217e-06
9.81155569351e-06
8.02763647651e-06
1.51633133445e-05
1.15954749105e-05
3.12185862975e-05
1.783919217e-06
0.0
0.0
3.9246222774e-05
0.0
4.45979804251e-06
0.0
2.05150709955e-05
8.91959608501e-07
8.91959608501e-07
1.6055272953e-05
4.90577784676e-05
6.24371725951e-06
1.33793941275e-05
0.0
1.33793941275e-05
0.000105251233803
5.08416976846e-05
5.17336572931e-05
0.0
0.0
8.91959608501e-06
8.91959608501e-07
8.91959608501e-07
3.567838434e-06
8.91959608501e-07
0.0
0.0
8.56281224161e-05
1.783919217e-06
3.567838434e-05
1.0703515302e-05
0.00560864201825
0.0
8.91959608501e-07
6.24371725951e-06
3.12185862975e-05
9.81155569351e-06
5.35175765101e-06
7.13567686801e-06
0.0
3.567838434e-06
0.00010703515302
0.000135577860492
8.02763647651e-05
8.02763647651e-05
1.2487434519e-05
0.000216746184866
0.000117738668322
0.0
0.0
2.3190949821e-05
0.0
2.6758788255e-06
0.0
0.00018463563896
3.567838434e-06
1.33793941275e-05
7.13567686801e-06
0.000236369296253
0.000123982385582
3.47864247315e-05
0.0
4.45979804251e-05
0.000186419558177
0.000437952167774
0.000173932123658
0.0
0.0
6.24371725951e-06
9.81155569351e-06
8.91959608501e-07
8.91959608501e-07
3.9246222774e-05
6.24371725951e-06
0.0
0.000351432085749
1.2487434519e-05
0.000229233619385
0.000193555235045
8.91959608501e-07
0.0184849709266
3.30025055145e-05
0.000337160732013
1.51633133445e-05
2.6758788255e-06
4.54899400336e-05
1.4271353736e-05
0.0
0.0
1.783919217e-06
0.0
0.0
8.91959608501e-07
8.91959608501e-07
4.45979804251e-06
0.0
0.0
0.0
0.000118630627931
0.0
4.45979804251e-06
5.17336572931e-05
0.0
0.0
0.0
0.0
2.6758788255e-06
8.91959608501e-07
4.45979804251e-06
0.0
4.45979804251e-06
0.0
1.783919217e-06
0.0
0.0
0.0
4.10301419911e-05
1.0703515302e-05
0.0
6.24371725951e-06
8.91959608501e-07
0.0
0.0
8.02763647651e-06
8.02763647651e-06
0.0
1.4271353736e-05
8.91959608501e-07
0.0
0.00227628092089
0.0
0.000130226102841
4.45979804251e-06
5.35175765101e-06
8.91959608501e-07
0.0
1.783919217e-05
3.2110545906e-05
2.40829094295e-05
1.87311517785e-05
1.783919217e-05
7.13567686801e-06
4.19221015996e-05
1.15954749105e-05
0.0
0.0
0.000182851719743
0.0
4.54899400336e-05
6.33291322036e-05
2.3190949821e-05
1.33793941275e-05
1.783919217e-06
8.91959608501e-07
1.87311517785e-05
2.76507478635e-05
3.7462303557e-05
0.0
4.01381823825e-05
2.3190949821e-05
4.72738592506e-05
1.2487434519e-05
0.0
8.91959608501e-07
5.44095361186e-05
0.000114170829888
0.0
0.00012487434519
1.15954749105e-05
5.35175765101e-06
0.0
1.87311517785e-05
2.8542707472e-05
4.54899400336e-05
0.000100791435761
2.76507478635e-05
8.91959608501e-07
8.91959608501e-07
0.0143997959196
0.000176608002483
7.40326475056e-05
5.26256169016e-05
2.8542707472e-05
1.4271353736e-05
0.000165012527573
2.6758788255e-06
7.13567686801e-06
5.35175765101e-06
3.567838434e-06
8.91959608501e-07
1.6055272953e-05
0.0
0.00162515040669
2.6758788255e-05
0.0
0.00181156996487
6.15452129866e-05
0.0
5.35175765101e-06
2.1407030604e-05
5.61934553356e-05
0.0
2.8542707472e-05
2.6758788255e-06
5.17336572931e-05
0.000947261104228
3.2110545906e-05
1.33793941275e-05
5.53014957271e-05
8.91959608501e-06
0.00079116817274
4.01381823825e-05
2.94346670805e-05
5.17336572931e-05
0.0
7.67085263311e-05
1.783919217e-06
0.0
5.61934553356e-05
3.3894465123e-05
1.6055272953e-05
0.000138253739318
7.22487282886e-05
2.4974869038e-05
0.000111494951063
0.0
8.91959608501e-07
0.0257214392303
3.30025055145e-05
4.10301419911e-05
1.69472325615e-05
8.91959608501e-07
0.000116846708714
3.2110545906e-05
7.40326475056e-05
1.33793941275e-05
3.12185862975e-05
8.91959608501e-06
9.18718396756e-05
4.37060208166e-05
0.0
0.0
0.000107927112629
0.0
8.11683243736e-05
0.0
7.58165667226e-05
4.63818996421e-05
8.91959608501e-06
1.15954749105e-05
0.000242613013512
5.17336572931e-05
1.2487434519e-05
0.0
3.7462303557e-05
8.20602839821e-05
0.00013111806245
7.40326475056e-05
0.0
0.0
3.567838434e-05
3.12185862975e-05
0.0
5.26256169016e-05
1.6055272953e-05
1.51633133445e-05
0.0
0.000109711031846
8.91959608501e-07
2.8542707472e-05
5.88693341611e-05
8.91959608501e-07
0.0
0.0
2.6758788255e-06
7.04648090716e-05
0.0100844953337
2.22989902125e-05
3.0326626689e-05
5.35175765101e-06
3.9246222774e-05
9.18718396756e-05
9.81155569351e-06
0.00018463563896
0.000107927112629
6.24371725951e-06
0.00023815321547
0.000112386910671
0.0
0.0
0.0
0.0
8.91959608501e-07
0.0
0.000140929618143
6.06532533781e-05
4.45979804251e-06
0.0
0.000150741173837
0.000107927112629
0.0
0.0
0.0
0.000177499962092
0.000275615519027
0.000188203477394
0.0
0.0
0.0
0.0
0.0
8.91959608501e-07
9.81155569351e-06
5.35175765101e-06
0.0
0.0
0.0
0.0
0.0
0.0
0.0
9.27637992841e-05
9.81155569351e-06
0.0
0.0
0.0146299214986
0.0
0.0
0.0
2.22989902125e-05
6.24371725951e-06
3.12185862975e-05
2.1407030604e-05
8.91959608501e-07
1.6055272953e-05
0.0
0.0
0.0
0.0
0.0
0.0
0.0
3.2110545906e-05
5.35175765101e-06
0.0
0.0
0.000143605496969
3.567838434e-06
0.0
0.0
0.0
3.3894465123e-05
7.58165667226e-05
5.35175765101e-06
0.0
0.0
8.91959608501e-07
1.783919217e-06
0.0
0.0
1.0703515302e-05
0.0
0.0
0.0
0.0
0.0
0.0
0.0
0.0
1.0703515302e-05
0.000465602915638
0.0
0.0
0.0
0.00612597859119
0.0
0.0
0.0
0.0
0.0
8.91959608501e-07
0.0
1.783919217e-06
0.0
0.0
0.0
8.91959608501e-06
0.0
2.6758788255e-06
0.0
0.0
1.783919217e-06
7.13567686801e-06
8.91959608501e-07
3.2110545906e-05
0.0
8.91959608501e-07
0.0
1.783919217e-06
1.783919217e-06
2.05150709955e-05
0.0
0.0
0.0
3.567838434e-06
8.91959608501e-07
0.0
0.0
0.0
0.0
8.91959608501e-07
2.6758788255e-06
0.0
1.783919217e-06
2.6758788255e-06
0.0
0.0
1.783919217e-06
1.9623111387e-05
7.13567686801e-06
0.0
4.45979804251e-06
6.24371725951e-06
0.00113457262201
0.0
6.33291322036e-05
4.99497380761e-05
5.79773745526e-05
4.19221015996e-05
6.24371725951e-06
0.000214962265649
2.3190949821e-05
0.0
0.0
0.000305050186107
1.783919217e-06
4.81658188591e-05
0.0
7.40326475056e-05
4.45979804251e-06
4.37060208166e-05
0.000189987396611
0.000105251233803
5.97612937696e-05
0.000106143193412
0.0
0.000108819072237
0.000150741173837
0.000376406954787
9.90075165436e-05
0.0
0.0
3.47864247315e-05
4.54899400336e-05
0.0
5.79773745526e-05
2.58668286465e-05
0.0
0.0
3.7462303557e-05
2.6758788255e-06
0.000474522511723
1.15954749105e-05
7.13567686801e-06
0.0
3.567838434e-06
1.783919217e-05
0.000330917014754
1.6055272953e-05
7.58165667226e-05
1.15954749105e-05
0.0
0.0287380466263
